449946
53171
594275
138192
636252
554958
735930
805112
256144
341267
452613
314751
602316
249070
266257
37771
693878
940377
969557
38714
361980
482123
940971
882439
989953
402164
509815
557017
81708
505949
837211
66958
443316
616837
340672
517580
22724
760867
268063
9291
267269
7375
683837
411557
410937
956115
564198
495502
976347
343116
170826
874139
449373
518973
329507
887722
965087
308034
384780
28956
343945
860331
725640
771838
907366
259493
894626
776187
256900
595133
691818
929480
127751
373279
126642
943484
2788
595046
732476
141953
564972
865925
315455
631810
739001
355403
85772
702669
245824
553513
848190
514752
434272
30175
686865
30721
811834
43432
162428
522949
389554
623210
412810
47300
40611
815257
230604
614873
945269
439819
741459
361729
616610
124166
83353
214952
173828
5660
92670
322807
816000
630779
165238
568295
666037
267153
643648
421145
644851
856838
198571
709835
9677
696498
956908
244796
432039
418383
310199
39165
556065
13023
870433
973038
435314
998114
538037
417969
632587
721610
371692
747416
205094
540333
386464
235185
814902
63797
456425
331146
486241
925601
585961
413236
670838
351829
306546
536876
512369
195629
593908
247564
314343
730358
552266
388814
315587
662373
160042
917710
412203
336570
275642
43852
100239
361600
730737
605498
720665
484029
831470
950595
195124
867617
389313
267143
161572
517159
679612
945926
839579
779122
163635
36951
185991
65013
924266
450301
295700
587410
157976
425026
514519
945086
888165
952312
933936
213803
42587
795009
312254
228533
976344
928858
196300
398921
559404
417240
855518
145230
733686
509862
11922
14576
343274
259352
356064
193670
623024
591209
194033
788378
501316
294999
963171
490381
870602
176422
551147
968231
720966
957855
523931
89056
561626
301159
789890
503310
709149
434131
877305
695930
102408
146828
895127
28800
452700
831488
333196
598720
990318
362215
456755
748919
765392
400950
638411
543061
473525
554434
106853
883497
519297
249641
40687
263148
483656
729005
984471
767949
682249
56695
43644
361949
633807
647869
418315
777314
298775
62034
844139
711020
792237
704099
949454
42126
934503
582408
420840
548800
77755
36716
752020
317524
870823
800110
371040
845499
303119
593134
616697
486380
99584
255701
218585
771339
76730
234154
863440
844896
866968
520288
687861
565918
866170
461879
205845
29172
244955
806521
757681
986821
826638
312155
824030
960937
835473
303448
308181
137797
228887
452144
365217
603004
978481
242149
508899
196099
887546
930468
114092
591218
753669
998149
178619
816500
355966
123699
878348
444644
740855
134029
942995
228914
217247
59565
722661
53414
837885
614453
575038
511765
27049
666791
953578
997745
684535
414258
771972
239235
498289
682272
916970
841725
940516
929375
31960
706328
703558
524520
77742
383040
484427
829808
716402
628461
609835
291513
909340
766611
727619
996157
556119
527850
606385
746715
169645
144991
930911
409656
966327
396897
255876
532570
744916
30660
200739
328638
198903
613576
580068
64972
513154
302405
415454
526471
817330
37070
10000
364334
245834
897205
907456
154434
284047
286345
284003
122660
335068
385824
794639
815084
353864
224629
443711
900833
710415
75822
272331
715261
7576
116083
119712
978548
739808
593514
854116
508907
550255
897542
224900
85031
32564
381053
664216
554720
731738
81574
374431
25777
659711
11563
345547
114804
359648
805667
797547
531346
704638
61769
843045
77568
469006
400310
881948
199727
94061
701920
370993
298815
322008
31054
677766
542021
80474
642990
737551
113433
973778
114724
105853
790111
832493
418618
668734
558769
233162
102897
42608
969733
343680
929845
814961
473415
417273
167997
452634
593793
277995
403271
603988
363031
203126
850596
41332
369342
687150
833152
687267
389059
179065
119290
772658
213672
465866
658438
138279
700225
827237
353082
797995
6146
126433
376070
776994
960184
27975
618914
455190
843706
393165
640251
421581
109672
382200
220388
629784
280550
514614
75089
164567
911487
715341
277304
996824
781711
717406
982510
70946
637708
413184
990480
519026
689925
169148
809487
127588
957975
51450
881582
3974
357657
112955
300703
385860
975806
521258
63304
752012
874982
163494
113352
894041
919703
566123
464772
477958
309400
229647
591794
366646
493024
456328
86291
555691
796624
51228
464338
592689
422904
59161
709245
791677
63525
887004
105152
992167
109288
108979
23353
122443
454484
865356
764936
949939
10690
52690
854602
607131
453903
63603
605234
543790
578417
695571
71446
825229
117253
483633
869173
521073
107390
689301
770655
77021
580877
534958
331036
98944
796334
411062
493670
815931
20788
764592
155167
828633
901154
437289
4207
107476
932257
847521
581739
827067
710676
16244
560133
921784
402995
881735
655667
244975
834212
308109
278733
229205
990860
95441
268449
40323
327928
334904
748467
697710
171496
751997
927718
376061
161570
772838
40442
152042
82101
231990
70733
417468
410736
95250
101818
515066
189614
365163
984655
828279
694250
399117
308253
673304
480189
436280
794937
514518
981584
374144
717670
943812
633697
831958
560604
914714
428498
45376
536489
715430
748615
105333
112
326793
121254
498638
814560
615144
132577
940198
745753
50284
872426
389429
109267
773022
692677
936088
618097
275585
76395
730008
22201
704263
667349
719128
765546
720661
523504
429104
578420
852878
366452
49046
729057
56860
811784
666800
658501
240955
84908
704801
619761
638135
824532
539537
959782
370412
295917
734439
768688
257023
50365
703355
362538
545121
86706
484864
608965
457954
935668
838871
396663
301453
284052
394786
176846
808782
31364
417454
663177
661022
208128
248470
769946
628214
490108
732741
859248
431901
967711
518132
807326
180693
43290
741056
113967
700510
425084
921691
110239
128140
309409
747051
299066
63353
276436
877556
107576
494428
754721
545825
139785
349748
238833
341328
873746
371933
31225
476805
593147
267727
299878
56242
659303
611768
818688
160128
3506
176288
918796
618932
196116
782171
760329
171960
97197
6695
733086
599762
968682
530372
364242
915350
764913
968967
246204
617495
243817
703538
784212
835526
335267
144311
71434
78811
493075
436050
835322
332416
996265
164892
107855
29142
289651
657187
632766
675440
445579
245056
848851
179631
879124
2445
297972
57367
201697
805872
377460
993905
211057
511597
543093
415916
480290
607940
94917
500877
952079
552648
46339
596394
473027
566092
92642
781184
945224
171635
410132
620999
994875
988813
363356
850048
455240
755683
823298
653340
194731
929116
302678
111409
54948
567632
630788
492583
15410
549788
360614
264798
142132
996028
724856
23021
157430
152408
854412
118143
861478
742580
574765
697306
544809
560053
138487
149840
668456
44810
71065
106189
567081
355266
351997
953409
30848
68121
344912
339839
752067
181888
837484
924058
835345
341546
657987
941383
176915
420572
136724
503891
75008
30382
570321
481373
26998
925155
510279
556408
576286
206619
414664
561886
728808
602331
830972
102682
991914
947709
3607
491843
549004
673430
806115
916243
913352
671576
867475
472662
507532
452275
519096
641028
400604
832637
11989
346983
986693
758942
336469
492161
701023
376169
408013
471994
896516
556282
700124
361767
746966
284330
833582
321414
346946
752331
602224
141728
374482
204286
49638
702123
977581
990294
53717
368834
238159
702482
645241
904691
55467
815232
837707
968197
269662
162153
49591
967796
490338
511978
155009
495194
315517
550722
533349
308753
289593
415618
467551
297945
20301
11820
562360
699304
126484
79439
928045
114735
14362
92643
800511
705764
568221
659720
436425
922575
57325
702060
696697
438023
210216
420761
976652
593016
304644
316923
740232
153890
586662
876348
556668
924373
688639
47756
448434
50442
264586
541537
803172
765221
435819
859444
327399
42917
435207
397490
762517
66696
30233
709990
777924
758833
935315
942008
637097
866744
327761
589646
116981
167682
94167
738364
431759
69094
104537
796803
220682
585574
996952
263912
229609
797132
309573
478656
171206
142258
192616
89782
164284
26869
718952
302673
84529
356384
84223
285071
7393
635659
262061
624493
185693
907952
372953
229186
735885
995966
329245
441018
942921
810254
918225
13330
831640
768483
684872
775522
104892
676935
587429
115800
698997
892341
811900
703534
863215
524972
887998
636624
25984
247508
479878
409812
867966
684536
578610
11681
961635
431705
159710
583764
592746
415148
229088
665589
609582
714645
636826
796625
363811
689752
876912
358626
579710
659524
293048
848623
277477
710623
47092
560380
583348
193494
239061
409711
821151
410185
709600
294760
235450
599092
26850
689352
787751
479805
302840
97132
646955
818500
97628
855920
776498
411766
247859
854403
676868
557657
357328
83417
415464
548787
38070
611461
110929
631945
444724
325218
372362
449286
852413
821109
204276
874958
419223
362135
855522
586186
914999
271807
415011
564782
584616
878578
962288
237808
662372
874262
135485
661881
724005
696827
826138
525709
75243
270148
623260
683832
777882
985915
660812
640110
435430
714823
691206
847173
740423
44293
633777
667946
347587
842023
769379
614368
546516
366046
969211
909938
499444
608549
452518
251408
818585
178456
306235
919430
149416
982890
415696
873701
64869
604979
454995
666990
693927
390299
472216
409848
361603
829473
30097
808291
533823
120838
621398
589771
633625
770021
800374
255242
597598
523314
148256
678262
64701
956757
256270
390444
889998
894089
310810
967083
673385
740047
581920
597010
780381
199428
174303
883624
255504
960446
434369
454371
682145
166151
660413
924382
817460
129437
767258
904603
103926
204805
729135
776712
893503
540946
227568
969016
237563
995345
15504
227102
931566
854363
972888
836554
302331
465954
627406
583297
342470
180339
530990
799756
705462
188340
997854
207513
295088
8534
736939
300383
488170
377245
113060
417394
906315
918985
536866
168870
227249
949041
888024
599039
977963
221238
820596
568475
457447
330036
774755
643775
466420
494479
227879
63068
199265
373291
401344
526793
636810
437009
832105
986983
185250
275539
476299
164756
846621
601311
416366
722324
855585
877039
865717
915730
492762
331995
164508
539070
185533
493210
476124
102809
765007
26657
677627
39838
509742
992941
907250
782418
703666
670545
957867
543657
946249
300195
51358
596672
329270
482316
927832
659284
923686
48828
414773
368045
926607
542883
166045
834275
380164
704511
665500
731102
500551
139146
897398
76768
220577
781862
165629
642995
513102
153109
189308
728738
341637
726962
675124
130277
126605
253682
333831
858315
39025
407551
579250
114593
676087
965765
813690
530904
911432
318153
342832
115979
758884
267947
746902
74499
562211
231229
669859
626715
423806
910931
2049
853086
622731
241092
631478
303816
271013
269519
306497
801950
596107
611875
235420
456362
31652
349932
929156
184466
82282
927030
337699
106333
275656
299173
550999
316775
615886
558099
268131
421386
446613
168951
572687
39024
423195
781856
164110
843956
928417
373264
59022
539927
604146
544116
738767
479756
66312
992493
646076
862253
607193
848394
239184
149100
217282
566864
975662
308143
639589
615691
278558
799104
661524
729512
625932
472081
294267
903256
260873
229147
876050
789076
887316
414982
59862
104666
154300
362397
632161
433862
639302
168839
457596
105931
614886
173339
15299
708977
855813
94750
440861
41464
375671
224064
109048
753932
65002
635594
909038
405171
298067
789069
781379
750374
591959
83207
845171
962489
767697
653661
959143
342911
55557
916391
332627
656770
866514
261319
930286
441014
591268
585546
260838
770282
521574
54570
505138
816698
317680
215566
988252
875771
35930
161460
428181
939970
273325
386885
877388
297072
185717
372514
90626
605611
556501
672977
366086
42882
737170
377811
958304
203822
187409
728209
377366
898193
423319
780818
97546
105562
552073
854023
481700
544051
541483
224384
623629
228150
693781
771718
830275
70519
365300
266865
871568
81663
795085
597976
99635
295018
818029
324947
903945
264134
504912
841929
942128
107655
390522
694264
346152
180966
931394
971134
584537
860750
494880
858152
466158
940646
576640
640293
19873
68592
167331
55319
187455
247676
346855
203656
683184
895277
114850
846744
963710
714962
661111
884258
394854
857685
186163
487891
199508
860233
396095
561123
635502
561489
387612
491095
671493
646529
136130
614207
687844
631261
507232
428082
625744
315315
358093
670029
65362
885948
453639
404682
540547
99876
412502
593952
61865
2036
994549
79155
882953
896889
64347
617252
310042
109697
955824
271128
683702
30387
895488
474312
854003
628969
628939
786512
203564
594948
210904
95527
300271
877029
484047
201597
31392
267879
789239
984215
928314
49154
240690
314736
718366
361931
84204
251503
717986
36256
299100
881738
733282
798530
816079
800221
833178
136086
34816
919751
677621
576494
526214
855697
559091
207235
292684
38495
179176
665098
114671
97286
245957
362137
175569
675920
829779
763225
243999
235657
117135
369735
448354
368039
285142
439617
652741
368648
59389
964937
625349
320111
238069
660059
228237
809209
953498
922813
938967
812146
320455
927751
572705
502466
973970
636431
397376
429004
441601
861201
827629
20612
199971
635496
238621
786985
391841
560191
828763
34900
856870
993494
656264
395510
299701
781307
458089
651403
882241
182662
784186
653950
564071
445226
946064
66383
407074
257426
808721
572036
206003
157802
200222
311287
378283
320525
401258
971457
684718
509135
532261
561785
873549
147432
928873
262559
809210
498330
940691
707552
258447
199237
521615
656027
614933
562474
554017
896964
615812
212763
225477
509508
408349
281610
749544
557182
535607
931647
689645
686510
662282
69204
455037
426823
955094
9279
584592
734801
497408
453647
257125
719320
178231
302210
436453
674233
793878
388068
646423
277860
106317
181438
227120
364224
400112
104215
668810
137201
655789
76065
782634
318075
138646
734542
943723
284208
332382
377933
919842
261616
189804
810763
186313
563634
826662
650682
460694
949272
848181
899648
865108
96229
661030
851011
811812
200403
877622
918615
583275
181574
726961
451457
732621
289673
441066
736906
755357
410324
942419
802354
299725
403232
704272
589269
473308
723721
492764
502647
598636
968428
288744
462501
709514
983716
314440
953210
818079
115658
13509
858269
466076
641153
360371
582450
755983
828886
616152
335838
47515
502056
229713
233468
750853
382437
743798
129896
797095
478413
382332
464283
376509
952173
298458
947490
132646
286685
516115
783989
571712
970245
375436
742397
293698
344635
439755
720159
321803
337584
95195
307007
618004
508047
657345
745756
24685
255842
656200
117158
71501
264266
432082
600896
996835
869961
823225
583705
786727
990073
110343
23295
846206
217395
255372
418439
610789
541499
766636
854162
188257
155741
106776
717029
139048
908172
500547
935791
984450
543420
91780
983382
791262
81424
818628
385659
731717
372740
274581
482355
645988
879135
467509
916130
316950
345281
623647
99577
692987
558098
300881
25243
351558
280117
122476
376046
126158
288534
558310
650371
549013
826433
397981
955339
645529
910067
753821
927692
390628
397953
141958
525337
439415
519940
72923
468727
918086
588524
867486
4720
585733
784262
139500
17795
581157
667262
931417
140963
452954
287894
609270
857557
12480
453561
83721
328357
89771
152031
872002
345131
864331
803061
720859
791210
282643
64440
258098
635584
931035
30975
788246
815684
484603
890409
807877
768073
178712
750152
995062
202604
888121
480741
981303
788423
550930
527072
184174
121939
819058
553877
159132
710484
418512
902542
873968
959080
23658
704037
832523
989800
834344
24923
696564
593849
108119
391798
931959
498377
987844
361116
354575
541282
348507
352375
505319
780085
469718
531636
105433
842604
413211
523574
348186
320667
857776
592684
43879
978892
564396
798133
994015
731798
911305
631770
527301
586774
970434
408157
156968
230264
323697
743488
137053
105526
552521
861633
998495
361157
974106
296959
249428
967820
274567
491306
306601
666410
993395
680720
50230
898992
645160
448792
843168
904162
881831
271626
656305
889505
309353
357861
423946
445069
931816
425575
805403
25372
130050
634906
781418
830725
509323
177502
396278
35435
553781
60272
255783
852618
213084
567524
2519
140212
313348
686656
831692
25829
409457
929387
13325
552024
440780
633547
213593
874458
717137
550371
111695
505731
365989
424340
908192
24157
761859
399468
375414
757295
546056
706691
273558
341232
140845
836064
520699
589039
176509
811607
438433
942289
110796
684145
612013
348509
709342
887788
321203
122720
117564
376363
118478
919604
987297
65329
502305
192449
135556
880737
100511
396099
752587
359772
989805
429363
994795
381202
401215
260566
705137
286695
66597
356590
412107
726259
628880
709179
23889
995930
953321
450683
80815
763201
750897
937888
654420
337864
578010
841486
738780
399601
81158
823059
718629
555672
441755
716490
550500
977579
64871
391123
680700
174119
116120
106461
624911
340210
349425
676179
301657
816777
325276
188548
711192
415152
353827
786909
839771
9638
275310
686038
646080
669524
827645
388549
3692
46046
449700
641125
657246
467641
571207
16456
735482
900292
101583
508630
707768
83128
351779
773061
275573
424199
27237
394242
907571
866772
295892
840976
953797
891088
173669
686339
662841
704494
577847
177714
547674
318946
174686
708878
605605
664713
875226
612017
282724
944823
264032
510290
491818
670760
341120
720240
653683
123129
481221
71524
300366
96897
473656
248442
452458
156963
437072
540965
594049
303813
157623
608824
474358
272492
538696
22713
50849
831284
582412
932633
979340
14792
863582
576257
306476
857113
597456
582200
651061
608513
231261
748386
365597
870194
981671
822401
785158
971157
692337
684893
222668
27673
927810
922971
892228
338589
539214
107377
513475
575115
195238
730440
918267
129586
566438
945966
191787
881309
113110
155041
892676
856352
247637
796788
527594
455178
650651
757091
862500
942516
600622
113000
48788
601697
858378
517429
572070
55024
548705
508479
772438
885371
841542
895839
90175
393836
854862
141118
10745
713593
258063
283143
464556
953674
778714
500449
909431
235729
10163
872640
100428
272337
772220
922836
461315
780436
616003
48715
329140
541373
74757
155191
509561
753963
126462
117762
391288
406395
897938
728773
601327
583459
17124
832833
174005
933044
696092
113003
779444
993998
454724
620419
630552
817453
727767
488382
88515
798673
919124
651874
662125
447287
687883
539764
394318
67583
254796
942285
110854
42621
132047
280763
126387
310373
223951
300189
660009
559651
536847
876230
773565
763670
869020
8326
920554
755778
857999
733113
910233
108951
327051
562107
820884
513384
329759
301370
920326
602087
154411
498481
5425
75669
406296
103057
839821
623952
525245
681012
12927
476046
740621
438623
943297
182506
33150
740030
758086
709152
935518
212684
879654
582443
720621
187018
762429
941979
445368
761884
39474
193104
945075
943492
172649
61970
894282
934037
346828
296517
795539
877357
515301
349526
877817
903310
714091
287464
483259
237439
262526
540544
980067
326106
993869
634333
872018
535293
29104
823118
921623
671435
45310
393369
667608
767342
136109
466461
171732
211467
195480
207440
149206
249599
430738
556630
101063
823013
802191
709837
281498
225832
802424
613254
293643
58015
444029
360691
66469
842300
877508
437996
837465
819479
661759
243558
568508
934237
633295
651989
766849
625328
456461
156298
292005
152306
72891
821425
385508
432299
673149
331770
354998
241294
601977
123436
620023
406587
985087
815362
482832
414435
60587
787905
596961
213169
726615
904707
637699
579128
417154
113202
689762
243301
287175
791626
610057
290484
958329
323994
680697
341909
564635
274343
852340
477290
47590
122750
726840
997533
135852
572032
618184
890091
463606
686390
283543
700594
942020
92267
735144
374377
260576
447527
166057
856732
246841
813730
272990
456623
692097
121022
127033
388382
407531
382813
986976
646641
176459
696985
590455
876030
334497
757108
480763
294234
68991
566216
947147
496492
53652
252866
801320
709567
556980
456781
454193
170166
970514
591191
352057
989343
287920
666949
693811
631540
522089
132328
626299
453224
4261
534723
290352
366910
998964
828924
431923
968191
691581
578176
828932
388060
229809
649783
102154
618384
790313
307820
929255
148919
31039
536833
780896
184889
257495
820561
102254
80570
669659
639672
497650
904311
191975
885054
926990
807006
337960
565471
370104
506497
142686
108656
865070
431161
23297
834405
56299
862809
891621
183356
914085
370859
578997
749689
273384
904454
841339
519043
68196
106469
781553
957195
632807
455226
376678
92743
109607
864911
788495
501245
533760
873207
727391
304469
251805
560150
125137
119822
892317
591831
804932
318469
821071
218973
144147
486456
693776
363557
84988
101288
84956
491347
170468
966448
966865
410907
208235
469294
211189
238562
404580
793535
185271
96952
327978
574953
118222
629907
684375
181731
996602
551028
505542
282607
394757
279304
731428
165059
339556
153622
87537
219542
663517
740837
784474
281916
872000
373450
218832
357025
711912
898174
321775
529148
940297
710723
364152
666128
223427
652065
530177
276912
216310
196832
121545
829130
200760
285296
892753
625939
618333
170723
444941
374661
210682
58978
780240
315427
893536
442430
851761
619095
458162
786164
443269
430222
967740
388667
663541
776748
356437
493439
718493
253900
377836
630371
167913
836008
648073
80454
341384
388446
361098
810336
582679
149537
77548
426380
1915
460450
785375
785962
501060
393934
13623
130498
900097
838452
621283
972458
582565
771515
936016
277206
873225
389221
647594
39073
160009
943787
66190
587207
991199
41866
138289
342814
683358
761468
696370
590660
416660
591148
435553
95069
58805
493238
279785
211334
439474
189704
13756
385787
780458
980667
876388
758915
586526
373808
313792
844162
812984
590897
70753
437494
575830
33809
274552
299080
670749
101038
375693
103418
329156
888834
18727
901289
81229
926294
18607
197405
962520
492376
449583
203272
391950
662997
618563
576734
850826
852420
314391
732327
866120
395190
47218
994169
45466
56134
707884
712096
484659
196479
716063
348205
905887
658489
146874
665796
981958
20732
933384
459015
60859
668920
890573
174779
514437
943615
146209
33418
926296
892717
181762
459180
747638
789570
57512
383589
815990
923212
927716
195271
318204
110298
311839
978133
869578
555882
851092
837726
645569
313557
312253
109383
195080
95786
637408
318554
826159
390578
206780
896919
56115
196466
313368
824793
603410
229598
590119
328353
32719
148667
617792
715203
808705
740994
973614
186201
897038
518945
932873
991895
823283
70549
864415
35265
405487
801649
194289
814444
179062
18894
557849
982798
238493
616214
704783
55762
292881
367045
703570
52549
857282
828559
628626
431453
736477
132397
809815
424759
875200
674084
315805
348506
63333
185838
536961
269718
235271
647976
924713
69991
595717
340260
253097
854891
130821
647164
964112
309298
645585
290546
844721
735458
37487
102678
348811
319409
831210
341274
979785
230924
422660
859601
796043
545361
43971
807144
650941
16205
750723
744180
477200
628194
740250
370833
915749
211327
102035
799006
710734
293819
838827
542944
958026
543787
689122
902307
289093
265901
289059
433746
340140
526826
898635
322043
865990
226561
818072
18999
57154
503464
610996
102381
269154
39314
886398
775870
455296
39076
563816
258007
922858
852201
222689
969282
171188
111488
164340
962358
661258
395217
499452
305406
974658
69118
520954
846866
795172
906325
134559
429669
804138
590478
878618
465631
569365
392837
509885
788995
417055
617727
822121
965662
542136
237023
307675
1743
179289
502540
711584
322294
107030
606271
433309
425951
800219
448540
208658
697745
104922
949084
179446
758651
196910
828859
64746
215706
643633
863622
508565
256039
580040
419710
19709
385795
964401
833074
60996
252338
466854
308917
46995
235989
773727
489962
147751
549706
775099
111069
463032
83454
222787
716098
826255
166932
847462
445992
812045
928954
34687
67006
585209
828222
951068
646118
451635
368288
344155
228638
621439
227076
601576
997191
735059
961962
208529
279267
389807
650951
345905
766308
512690
19495
180521
545161
721173
995047
103442
363169
354663
193964
976858
71284
960671
559299
377182
262204
25821
743795
483481
905866
161691
709305
117545
249401
275272
29150
338767
119998
507396
146419
858480
787402
138742
676374
185792
335929
671699
176382
218704
325345
170857
338242
61785
302530
75606
511190
286040
772938
828989
480707
727336
974664
87213
68551
834303
954132
199231
99154
396390
791439
629089
259534
875781
633485
356707
152215
435909
25560
119266
65071
207889
526346
629347
693374
917821
312444
481982
889165
84383
111251
964679
498859
712173
403723
804223
584028
200654
825922
691695
275649
905863
242631
750007
869074
456700
626739
812071
279513
290827
781500
733209
871015
916142
863938
703182
641545
910790
910048
442164
698783
162881
504943
480623
983353
87216
123
714348
393173
510951
527021
730091
31686
944536
86664
910002
226889
988856
180927
91266
856613
664806
904471
190362
686675
657556
976371
213025
184453
279127
830850
520744
349995
126787
895673
611168
978515
448055
257990
630289
18853
147205
104351
636066
408611
585495
404009
849061
905534
414598
223123
793885
609700
908839
871338
786399
420274
884659
301805
198743
813151
656375
5236
219437
917031
763731
680985
294380
874213
579840
451510
976837
607692
867362
462812
866875
981863
487212
708988
183768
625074
793111
847787
458327
452886
330151
817273
174694
645521
948189
13424
421078
13988
710829
450568
460114
425974
118599
440252
231944
108064
10179
292961
300322
667020
453599
796225
684581
533628
83325
27025
288896
29487
34726
215911
268972
655727
960670
455481
41522
879393
245200
908916
233222
525985
827601
21312
436930
905107
24905
565402
940638
193343
517730
498359
779591
343395
13140
281279
457904
109450
541604
467101
47477
374328
716389
876648
614824
889014
219642
318173
565201
149439
797962
957638
874038
543139
50101
534933
344909
752398
601391
342503
321093
297797
713142
691091
55287
967315
71024
684125
554239
876201
374389
940227
629957
485758
348706
350343
868926
95925
496372
246786
940579
283440
397538
898104
650745
109749
396954
12143
769547
758399
296965
938143
46946
168965
322034
488794
93930
542614
964415
236087
239267
498587
404815
304490
527434
171072
997951
352100
480366
817991
477732
412062
52758
903357
951909
99575
643118
743574
342451
201967
422923
24392
807593
320588
761992
882871
549840
352435
315359
726759
950849
852259
111912
784089
843259
520773
228669
938524
754497
70089
403826
437496
568388
784218
256241
66748
137114
938343
814660
962794
720290
157081
383590
699343
193151
99304
316216
979239
352700
870852
969716
519510
83428
931489
299202
204027
139956
880884
201228
971048
625165
648072
633099
185970
874852
327759
843464
601162
116486
731174
696492
944122
848343
404621
182955
48330
758584
421687
69809
457279
655945
265265
78980
176518
948419
859539
207474
833322
981289
561099
796467
808825
537214
693417
237044
629005
170255
878534
279985
851867
367741
64107
368466
714488
914422
782725
411599
76332
34034
13595
527284
325111
750278
537625
414130
535669
668510
642212
888757
543105
553897
489972
736051
54830
642848
787309
217845
813847
860549
874611
614343
873949
628702
774772
293412
837251
812637
898205
481326
301840
965890
779888
121467
449389
464381
212666
483832
986058
917904
856684
140697
80058
373504
264387
433688
544732
660522
350757
873322
703890
270876
126565
775783
169025
20960
924470
128778
847064
67462
641976
853287
562191
31912
342793
205285
910680
889219
742329
16297
996142
963052
457882
19065
278073
219723
221733
955512
250911
476567
471344
149790
544970
813493
968326
885262
561412
374286
291735
574832
605521
118019
438545
874339
815512
215681
70569
703063
749143
444834
42046
24586
974214
933942
67354
894492
506773
782783
733801
400939
655344
600055
669147
514286
339446
770717
886979
443888
872250
466145
885504
447205
95623
464106
584379
127681
125403
207926
180952
143257
712459
300063
696153
972366
316539
697384
954599
965598
714825
143601
470420
902944
146686
576793
852040
103306
331692
635999
836323
792833
87507
232808
708671
980939
868486
985588
976360
848744
23320
815849
155818
447338
551391
167145
385137
112336
467817
351959
727512
789851
143664
862722
471736
799594
98095
227097
475629
141685
712900
773331
752995
586940
329310
61436
911160
299177
734340
336004
83470
984277
599696
530036
853289
378332
792940
573825
388184
539203
566621
812743
968376
855277
758776
39762
356516
16338
284086
35585
723279
585268
773400
597678
811148
938317
528278
520150
125316
590361
12694
421909
543642
155690
937277
633592
783127
953054
916943
534785
973960
965663
148766
828583
437484
128843
359959
668426
700248
120620
913795
875569
154251
89269
331225
542278
80225
191630
87517
323362
4994
223875
675426
794060
263336
157049
61907
844108
693863
526623
14999
627380
307127
153553
282837
69387
600022
276934
614602
831861
977025
18752
953736
351984
652863
844006
506950
552183
689014
899635
516329
593031
966692
819761
54293
73225
593830
545488
466319
868227
455513
289298
658320
528818
428260
378951
111924
209851
793971
875825
78295
900280
214435
293243
841536
524482
271735
651687
539678
158149
385884
340244
728959
993904
769796
8614
178288
129085
749733
810628
957064
54676
630530
943307
51007
375572
24788
217797
581834
97992
740963
14962
528261
155234
131073
789630
864927
819889
948890
459742
186576
108426
794373
508778
574122
559758
555176
124200
979335
849332
532872
803670
443677
780267
803594
512935
236537
145577
634197
60588
90417
145766
190881
767382
736873
173128
477816
781659
605118
105629
967485
733198
647307
742370
675241
218590
141490
315215
559815
694945
533937
513696
534757
941216
468708
770125
918534
465372
322821
428618
405377
825375
618291
123393
825837
561031
409187
957349
35061
860717
55116
355949
335664
303117
804547
446120
509844
994370
545532
485849
321718
344079
334268
380761
550670
612270
335583
142215
869509
267768
770420
253353
322946
113728
77882
952229
581702
609160
928104
226657
995822
535012
368381
671156
244233
389858
423390
788072
327499
948665
665363
372230
126962
213604
103569
717724
896074
632169
678228
753638
336652
848795
971652
169326
654368
680419
681896
892593
859385
433059
475679
995646
700701
241636
510247
112807
186331
509047
95546
470028
691850
990425
823781
515961
508361
608124
449672
617369
750016
838641
417481
390456
716405
124241
404676
874967
639313
48179
225911
213548
289002
583178
577879
791115
746181
241394
843627
887390
387708
653364
385503
875148
436609
720180
572820
220386
91798
41255
167586
440683
425966
950762
335356
489327
411308
381681
911901
832678
654832
555644
465161
834699
955022
13373
616050
925290
658934
405628
165095
940433
565364
276397
625127
507577
279981
285021
334788
588977
866271
40604
200745
842351
354113
480834
370825
435733
945506
292343
907067
578465
240028
102033
452085
69675
254913
516563
187849
349689
624626
921076
733955
127207
302551
912872
37026
600454
969536
819805
537363
511650
388577
951343
290465
496879
976170
842068
562324
320234
689570
307378
671537
177632
981790
9608
664054
86046
572238
702934
961350
249212
944080
661376
895321
38957
883400
300719
505550
225503
995712
13406
56547
620335
915217
399949
690143
293106
161721
621836
116027
670280
353645
653586
943989
21501
953368
122713
682893
496876
907186
474659
161537
934242
208430
411304
251061
92733
220023
968690
722215
963291
482127
487509
680596
466451
69946
520204
216323
581968
880679
223348
319745
640060
319808
145332
395817
193336
500768
865133
422369
943848
868901
797496
916522
891964
271332
561275
343233
965849
22072
100809
343214
934747
132478
384034
250572
369536
660223
786372
772019
264308
902759
430536
808669
230500
608349
424687
339978
253078
566847
263668
214024
267399
698446
770780
349086
868612
539110
442389
404292
699613
867687
882529
699700
167688
760967
809517
208059
972280
618585
225663
489547
697544
67867
809349
768257
29676
813936
305802
870041
638224
705251
993923
918988
983563
708925
630211
354302
187640
561494
580483
469453
818800
245187
241657
719221
784745
599263
481360
384239
79268
340894
726850
575510
317811
571300
265988
808846
214173
494625
401998
650271
564168
464795
873476
663089
240406
191967
848233
71860
44824
733096
408930
698515
7271
252098
475811
43082
125855
850401
878694
179996
335373
695369
675606
420845
881782
763323
5331
337873
413723
588123
44145
870427
156763
943376
16200
745019
788121
241429
642746
104693
84538
753282
684070
361876
948180
348576
333639
139016
734924
509299
282804
612732
934195
973153
63037
903127
852845
823318
112426
205221
811813
513757
231989
373595
720316
465911
332766
791598
485290
408378
565228
584459
199153
926817
151713
644085
98817
773944
153717
986183
985242
121474
784708
862813
649345
740905
564697
328003
759935
443673
179820
737858
118521
537028
58140
78923
523389
901969
128093
484219
89572
718744
858088
371403
730170
977213
185851
323001
48571
844890
427811
793273
242700
338550
614610
653595
532489
294953
10313
402829
468974
85156
33717
447898
879876
602343
834588
922473
143499
585680
134203
773752
237116
938104
536150
660556
576392
658708
877692
438993
614897
542209
699628
714202
238890
55130
524278
917605
263430
600042
551928
123337
965365
756732
105516
253562
728242
769549
529324
241446
101658
757894
268743
6643
489657
736611
881987
215107
484918
52239
389438
922773
540365
933240
115413
148021
582529
256394
539219
382982
168134
403628
480917
978643
338761
149139
66981
562019
217799
481711
282095
746205
172443
585747
491856
493383
898465
487404
30739
675947
398562
879561
147942
182759
695587
848943
882012
190033
878622
286337
180138
721535
790149
558494
852474
418190
467940
828701
681730
219256
734206
638164
212033
753525
112084
385979
861839
484697
839448
808668
13603
464672
256832
499892
664321
969488
204641
886197
103399
591204
899085
84606
463407
282012
147740
985658
303599
992189
682714
973934
936085
852361
396875
697280
749749
880241
826626
811890
145378
848736
488785
134989
965563
680585
132930
267127
352395
602262
903822
705593
750228
213315
348120
33248
304879
418984
245743
884712
551658
205793
711281
951426
796926
191416
911119
157327
995456
801949
418483
209400
110765
496569
429902
9823
26602
356740
983322
537809
25961
727364
783728
872396
414735
667738
558847
438000
369448
49185
780587
688292
131224
26586
475711
46663
112983
675438
807537
411276
817855
596038
187240
889802
197565
883404
765774
697271
744811
195445
546757
312896
626233
209250
94515
738747
768325
187714
470042
161749
759321
917085
252917
842072
368366
375340
104784
707752
311057
101211
290474
775444
547114
317413
456027
468365
281900
869972
449915
570503
942652
293834
561351
727180
39334
709247
922327
859865
62739
15727
914452
608951
340808
215867
162837
748585
346918
