254
741
884
1160
1437
1584
2082
2263
2309
2521
2781
3211
3347
3381
3927
4229
4326
4444
4456
4956
5162
5285
5877
6057
6199
6641
6729
7102
7403
7567
7588
7869
7968
8385
8393
8589
8625
8783
8896
9015
9084
9097
9542
9571
9954
10105
10142
10269
10588
10837
11004
11146
11284
11516
11659
12306
12333
12472
12779
12951
12993
13331
13482
13618
13631
13698
14120
14155
14176
14477
14559
14626
14804
14880
14983
15060
15132
15297
15663
16142
16307
16506
16844
16933
16961
17311
17727
17917
18398
18527
18612
19118
19554
20164
20382
20401
20695
20771
21108
21327
21425
21510
21518
22100
22382
22523
22524
22610
22647
23191
23350
23544
23662
23812
23870
23879
23909
24094
24262
24291
24398
24446
24805
25049
25181
25278
25375
25596
25815
25958
26219
26220
26225
27068
27799
28206
28214
28313
28864
29188
29218
29756
30090
30247
30403
31009
31267
31850
31934
32055
32383
32385
32387
32511
32987
33022
33832
33901
34070
34178
35276
35375
35524
35582
35875
36210
36337
36347
36590
36972
36998
37214
37796
38395
38427
38468
38728
39371
39462
39502
40187
40299
40980
41050
41218
41340
41682
41688
41733
41892
42015
42310
42459
42611
42663
42857
43006
43153
43504
43824
44260
44662
44893
45683
45867
45904
45934
46169
46272
46316
46348
46351
46626
46811
46867
47221
47614
47923
48051
48173
48455
48706
48779
48974
49027
49158
49201
49494
49520
49780
49794
49815
49831
49951
50079
50430
50948
51692
52131
52157
52514
52554
52742
52944
53289
53299
53312
53334
53360
53448
53577
53695
53985
53993
54309
54597
54610
54816
54817
55030
55192
55245
55447
55458
55671
55852
55937
56181
56295
56532
56668
56754
57105
57891
57932
57952
58100
58215
58359
58509
58896
59794
60074
60308
60591
60607
60648
61396
61531
61751
62157
62547
62568
62634
62705
63140
63206
63277
63465
63514
64033
64422
64968
65214
65268
65435
65667
65809
66466
67138
67209
67421
67459
68156
68428
68847
69025
69147
69378
69427
69684
69711
69715
69726
69761
69778
69950
70436
70464
70565
70919
70940
70946
71060
71093
71267
71364
71402
71426
71899
71967
72060
72260
72686
72698
72700
73095
73171
73806
73816
74312
74487
74742
74782
75031
75270
75328
75636
76000
76489
76493
76672
77154
77176
77385
77447
77613
78018
78371
78512
78520
78705
78824
78856
78857
79174
79261
79326
79394
79662
80014
80067
80099
80363
80515
80797
80904
81399
81708
81768
82076
82307
82373
82450
82706
82897
83155
83979
83983
84371
84483
84546
84759
84935
85120
85317
85953
86592
86641
86693
86827
86856
87398
87567
87587
87655
87812
87828
87900
87904
88032
88196
88241
88421
88505
88660
88708
88874
89407
89509
89629
89744
89981
90199
90680
90694
90790
91318
91815
91954
92317
92370
92512
92754
93030
93032
93282
93312
93810
93928
94133
94213
94373
94387
94623
94766
94988
95265
95667
95859
95875
95929
96339
96464
96982
97174
97313
97698
98213
98511
98857
99331
99500
99946
100172
100668
100923
100987
101011
101414
101486
102187
102354
102480
102581
103111
103195
103319
103619
103991
104025
104255
104422
104482
104864
104961
105318
105470
105764
105983
106190
106249
106438
106513
106751
107288
107363
107520
107719
107763
107962
108178
108474
108495
108567
109199
109329
109453
109615
109676
109754
109788
109791
109863
109902
109925
109935
109966
110483
110531
110686
111069
111070
111088
111480
111718
111827
111829
112419
113050
113515
114500
114928
115016
115132
115322
115326
115405
115416
115652
115922
116147
116327
116642
116659
116684
117356
117523
117655
118354
118585
119051
119056
119790
119824
120024
120157
120551
120623
121021
121104
121392
121451
121656
121907
122058
122109
122196
122622
123296
123573
124111
124511
124636
124674
124933
125107
125208
125293
125294
125370
125487
125678
125980
126048
126246
126361
126435
126735
127211
127282
127567
127602
127836
127920
129083
129384
129762
129809
129835
130168
130186
131899
131984
132194
132295
132464
132724
133074
133128
133239
133645
133705
133984
134197
134291
134489
134597
134745
134858
135157
135521
135553
135692
135821
135923
136006
136053
136078
136348
136533
137023
137047
137193
137421
137453
138091
138182
138198
138896
138898
139009
139055
139261
139396
139531
139934
140025
140075
140237
140412
140451
140615
140725
140785
141238
141775
141830
142344
142735
142745
142767
142931
142934
143087
143590
143687
143912
143944
143960
144289
144459
144766
145720
145834
146457
147045
147182
147356
148426
148520
148664
148776
148906
149063
149123
149136
149138
149330
149450
149641
149697
149781
150368
150788
151049
151244
151311
151475
151583
151621
151984
152228
152322
152464
152476
152742
152918
152953
153252
153521
153757
154042
154057
154062
154185
154445
154659
154994
155072
155171
155230
155421
155636
155721
155944
156062
156390
156471
156511
156528
156632
156652
156994
157124
157190
157487
158011
158912
159716
159719
159819
160040
160240
160337
160515
160650
161070
161136
161175
161299
161462
161531
161767
161790
161962
162697
162922
162931
163404
163426
163446
163618
163751
163795
163798
163955
164287
164413
164453
164607
164900
165083
165264
165472
165502
165512
165522
165596
165749
165967
166408
166452
166462
166568
166794
166810
167007
167366
167850
167911
168224
168361
168499
168583
169074
169136
169295
169331
169452
169613
169713
169718
169797
169927
170166
170194
170378
170394
170504
170747
170848
170945
171103
171301
171438
171780
171805
172118
172512
172603
172672
172874
173057
173108
173211
173572
173577
173681
173702
174512
174530
174969
175283
175398
175901
176051
176536
176676
176785
177303
177388
177469
177544
177936
178137
178246
178300
178418
178618
178629
178653
178699
178974
179542
179566
179603
179923
180368
180701
180828
181045
181151
181316
181609
181663
181669
182052
182060
182141
182159
182187
182322
182600
182791
183911
184080
184681
185002
185009
185252
185351
185828
186053
186720
186754
186799
187140
187149
187469
188500
188593
188837
188929
189098
189360
189382
190003
190053
190430
190802
190925
191031
191087
191253
191422
191443
191622
191816
191820
192503
192537
192895
192946
193051
193128
193222
193252
193296
193321
193476
193803
193831
193883
194624
194665
195187
195609
195680
195881
195887
195973
196121
196127
196328
196957
197595
198011
198138
198316
198763
198819
198834
198948
199216
199636
199637
199726
199747
199992
200035
200323
200560
200617
200684
200738
200899
200932
201385
201395
201443
201504
201585
201618
201651
201733
201967
202502
203061
203356
203368
203400
203902
203971
204051
204359
204413
204526
204898
205259
205331
205526
205537
205643
205648
206004
206019
206135
206987
207299
207719
208038
208153
208237
208425
208817
208900
208946
208994
209114
209523
209629
209684
209869
210676
212033
212076
212290
212410
212935
213618
213826
213875
214015
214126
214151
214777
214906
215602
216234
216368
216566
216587
216647
216960
217471
217776
217808
217947
218155
218157
218294
218364
218468
218494
218505
218911
219115
219150
219291
219311
219513
219797
219918
219944
220071
220116
220222
220233
220420
220504
220511
220560
221200
221455
221559
221697
222518
222775
222970
223025
223080
223515
223640
224026
224735
224779
224946
224947
225113
225805
226345
226377
226430
226463
226701
226846
227011
227503
227615
227731
227736
227746
227812
227826
227962
228026
228552
228774
228878
228956
228964
229325
229342
230113
230122
230261
230290
230589
231314
231376
231455
231589
232006
232076
232153
232365
232367
232423
232920
232972
233087
233330
233595
233679
233702
233803
233834
233865
233881
233896
234171
234182
234893
234900
235100
235298
235460
235507
235516
235628
235726
235863
235996
236069
236148
236491
236510
236618
237143
237171
237332
237462
237570
237599
237647
238212
238322
238388
238547
238791
238889
239061
239109
239409
239471
239590
239766
239982
239995
241008
241172
241300
241403
242280
242377
242457
242499
242543
242818
242824
243699
243896
244103
244177
245130
245280
245455
245517
246417
246490
246598
246648
246743
247220
247235
247517
247761
247823
247859
248079
248514
248750
248933
248945
248963
249028
249193
249203
249320
249335
249374
249667
249723
249729
250194
250257
250394
250443
250863
250911
250952
251284
251307
251318
251604
251758
251820
252429
252527
252626
253188
253412
253638
253817
254252
254393
254476
254792
254849
254886
254906
254910
255373
255412
256026
256089
256249
256317
256396
256399
256574
256610
256718
257570
257601
258001
258022
258069
258074
258113
258118
258122
258228
258599
258723
258944
259137
259157
259183
259230
259257
259311
259345
259348
259497
260523
260855
261102
261373
261530
261571
261831
262023
262082
262637
262762
262823
263086
263823
264000
264113
264444
264503
264505
264538
264556
265313
265485
266189
266386
266468
266650
266665
267130
267502
267617
267814
267985
268046
268380
268696
268759
269170
269255
269275
269991
270110
270153
270161
270243
270486
270535
270720
270731
270734
270808
271137
271367
271571
271928
272048
272678
272700
273070
273166
273498
273681
273977
274062
274139
274358
274658
274898
274904
274916
275366
275536
275584
275713
276601
276632
276649
276871
276933
277717
277944
277959
278329
278883
279029
279117
279527
280037
280577
281344
281477
281496
281609
281610
281865
282012
282360
283023
283095
283325
283361
283713
283821
284124
284416
284870
285009
285017
285060
285303
285306
285329
285627
285630
285795
285864
285977
286037
286310
286383
286387
286487
286503
286785
286866
286869
286898
287096
287220
287304
288178
288187
288612
288625
288684
288688
288993
289169
289321
289395
289662
289837
290093
290441
290686
290754
291071
291139
291226
291285
291406
291870
292111
292761
293078
293449
293459
293503
293825
293848
293980
294253
294501
294642
294655
295101
295178
295183
295671
295823
296289
296417
296860
297108
297534
297658
297995
298133
298563
298584
298711
298899
299167
299337
299439
299449
299605
299697
299854
300038
300145
300214
300385
300445
301120
301287
301484
301515
301919
302144
302384
302438
303020
303040
303066
303149
303162
303183
303249
303396
303404
303489
304015
304543
304800
304917
304984
305089
305180
305817
305879
305883
305966
306166
306235
306363
306712
306806
307084
307194
307460
307548
307700
307965
308013
308401
308602
308685
308730
308949
308979
309001
309200
309274
309727
309772
310380
310416
310436
310535
310681
310747
310794
310843
310865
311589
311627
311638
311661
311684
311696
312502
313046
313221
313437
313750
313758
313944
314046
314081
314280
314379
314498
314549
314657
314715
314872
314909
315227
315813
315982
316307
316469
316541
316859
316916
316940
317063
317555
317967
318273
318587
318672
319049
319208
319757
320132
320230
320344
320500
320565
320656
320791
321455
321540
321543
322032
322209
322627
322751
322782
322927
323191
323316
323637
324057
324179
324398
324705
325032
325259
325295
325566
325706
325749
326084
326131
326957
326962
327081
327473
327497
327631
327779
328129
328155
328193
328194
328204
328488
328556
328758
328963
329096
329306
329426
329761
329765
330012
330067
330082
330202
330587
330760
330793
330867
330883
331323
331718
332032
332126
332475
332695
332957
333337
333374
333764
334217
334671
334737
334853
335733
335869
335932
335974
336159
336379
336449
336727
336796
337543
337552
337637
338408
338520
338552
338584
338881
338918
339259
339317
339337
339803
340052
340063
341058
341476
341601
341727
342198
342440
342485
342811
343488
343520
343621
343677
344576
344802
344830
344961
344972
345135
345357
345378
345677
345695
346176
346423
346747
346789
346806
346810
346831
347611
347623
347716
347738
347774
347909
348066
348250
348263
348634
348959
349146
349650
349697
349724
349821
350026
350098
350254
350279
350633
351199
352014
352821
353036
353052
353192
353277
353455
353968
354126
354222
354682
354752
355245
355583
356058
356104
356454
356882
357453
357718
357752
357931
357967
358095
358127
358278
358881
358959
359172
359430
359706
360242
360252
360458
360639
362041
362062
362192
362356
362488
362834
362863
362924
363316
363799
364251
364622
364881
364983
365209
365788
366283
366394
366936
367077
367100
367339
367406
367440
368541
368800
369401
369493
369710
369756
370202
370375
370386
370562
370677
370943
371065
371272
371664
371882
371920
372101
372200
372536
372616
372655
373182
373205
373271
373738
373776
373916
374113
374153
374244
374699
374733
374763
375476
375533
375785
375791
376001
376042
376374
376608
376632
377124
377172
377238
377291
377383
377476
377686
377825
377919
378143
378336
378379
378472
378574
379002
379004
379212
379336
379538
379562
379703
379820
380008
380321
380346
380506
380786
381011
381069
381323
381495
381844
382173
382265
382466
382475
382492
382544
382559
383238
383266
383415
383544
383975
384219
384634
384701
384783
384928
384943
385158
385283
385376
385673
386091
386268
386366
386969
387516
387855
387867
387886
388654
388720
388919
389106
389315
389371
389422
389766
390196
390381
390410
390504
390840
390894
390978
391101
391399
391545
391625
391802
392010
392790
392911
393081
393193
393224
394163
394677
394755
394862
394959
395048
395453
396131
396141
396523
396873
396890
396894
397365
397594
397639
397693
397860
398106
398638
398788
398973
399121
399666
399683
399841
399916
400035
400270
400309
400387
400445
400446
400478
400582
400726
400860
400878
400993
401086
401089
401107
401356
401544
401596
401952
402210
402488
402549
402645
402791
402802
402975
403133
403706
403817
403966
403973
404150
404188
404231
404356
404681
404715
405115
405163
405175
405189
405251
405433
405537
405622
405651
405836
406107
406108
406145
406640
406819
406841
406994
407032
407074
407235
407476
407574
407839
408278
408777
409348
409384
409409
409862
409971
410078
410220
410320
410370
410377
410582
410612
410893
411446
411492
411857
411956
412251
412404
412446
412459
412598
412636
412844
412930
412948
413290
413317
413351
413468
413660
413692
413779
414270
414515
414587
414704
414811
414919
415454
415865
415921
415996
416022
416193
416415
416438
416624
416861
417200
417356
417875
417944
417979
418302
418480
418799
419081
419168
419183
419263
419269
419320
419621
419637
419797
420054
420125
420180
420392
420395
420551
420979
420986
421013
421323
421401
421606
421693
421962
422466
422510
422809
422975
423440
423519
423689
423859
424543
424633
424669
424971
424987
425038
425094
425491
425818
426065
426084
426106
426222
426264
426441
426560
426625
426777
426928
427419
427454
427519
427571
427621
427883
428040
428112
428171
428364
428595
428648
428902
429429
429503
429524
429860
429968
430062
430221
430380
430462
430538
431362
431425
431440
431452
431477
431801
431864
432424
433268
433307
433308
433552
434078
434734
435166
435335
435545
435744
435869
436171
436285
436522
436770
436880
437225
437407
437624
437795
438390
438550
438593
438712
438805
438819
438894
439091
439684
439829
440488
440497
440659
440772
440851
440962
441315
441427
441590
441631
442051
442183
442295
442332
442354
442582
442916
445367
445557
445666
445720
445886
445992
446215
446450
446525
446803
447265
447534
447571
447651
447923
447952
448082
448177
448320
448348
448353
448537
448665
449294
450359
451186
452151
452238
452318
452339
452350
452612
452842
453241
453461
453544
453960
454018
454199
454207
454245
454312
454824
454991
455039
455083
455182
455430
455460
455657
455897
456065
456113
456168
456190
456428
456905
456907
458185
458696
459129
459327
459708
459782
460004
460296
460467
460468
460924
460964
461031
461110
461262
461763
461858
461985
462082
462215
463051
463212
463246
463317
463664
464304
464336
464346
464451
464534
464700
464710
464939
465226
465291
465323
465397
465399
465590
465636
466012
466055
466157
466404
466499
466530
466717
466804
466866
466997
467096
467238
467282
467306
467382
467461
467638
468256
468273
468627
468746
468964
469151
469265
469750
469787
469845
470268
470593
470787
471165
471186
471290
471719
471741
471783
471863
471887
471908
471956
472165
472187
472220
472231
472428
472552
472725
472918
472919
473049
473092
473222
473390
473445
473509
473579
474850
475311
475549
475584
475849
476040
476066
476114
476119
476165
476322
476507
476595
477073
477091
477657
478054
478067
478094
478214
478390
478401
478724
478843
479030
479510
479861
479942
480062
480096
480100
480268
480378
480381
480433
480532
480602
480777
481010
481425
481628
481691
482192
482345
482397
482547
483141
483713
483864
483893
484800
485215
485764
486265
486319
486446
486565
486703
486761
487112
487116
487205
487212
487504
487513
487550
487814
487957
488320
488669
488672
488721
489114
489340
489897
490653
490678
490803
491255
491569
491616
491618
491719
491910
492118
492261
492524
492628
492717
492836
493152
493295
493308
493833
493867
494120
494408
494459
494619
494762
494903
495064
495106
495182
495738
495911
496050
496177
496349
496791
496970
497065
497492
497573
498119
498162
498297
498620
498760
499014
499127
499382
499421
499656
499706
500133
500139
500498
500977
501081
501093
501677
501829
501867
501884
502430
502902
503084
503232
503439
504013
504052
504071
504452
504479
504569
505140
505373
505384
505627
505642
505804
505869
506101
506488
506658
506855
507558
507628
508015
508069
508151
508280
508315
508658
508722
508744
509081
509171
509259
509289
509446
509717
510043
510303
510390
510567
510575
510635
510876
511052
511473
511619
511629
512234
512330
512573
512696
512758
513292
513858
514223
514339
514399
514425
514724
514725
514861
515049
515231
515401
515529
515537
515567
515790
516024
516083
516242
516438
516686
516753
516781
517282
517802
517918
518101
518115
518379
519022
519073
519454
519724
519739
519861
519942
520096
520099
520302
520310
520540
520828
521191
521246
521285
521419
521454
521569
521768
521974
522321
522342
522448
522720
522729
522824
523038
523201
523349
523351
523573
523623
523960
523965
524114
524159
524196
524225
524485
524898
524955
525279
525496
525817
525921
525983
526381
526859
526875
527015
527039
527101
527522
527702
528187
528291
528344
528381
528640
528904
529313
529699
530017
530047
530268
530325
530326
530357
530660
530718
530988
531152
531322
531460
531670
531828
531956
532250
532634
532805
532928
533117
533135
533153
533219
533422
533455
533745
533764
533781
533828
533850
534135
534141
534368
534424
534703
534909
535299
535318
535914
536095
536122
536344
536583
537069
537219
537301
537485
537511
537621
538110
538136
538408
538614
538739
538754
538864
538868
539296
539480
539522
539739
539830
539869
539955
540215
540287
540488
541633
541783
541922
542387
542501
542525
542559
542809
543106
543358
543431
543507
543595
543943
543977
544187
544377
544404
544907
545150
545531
545552
545617
545830
545874
546456
546500
546548
546578
546749
547112
547250
547335
547701
548101
548248
548677
548938
549214
549443
549536
549597
550233
550432
550695
550752
550968
551356
551401
551461
551533
551663
551754
551900
552069
552142
552212
552553
552683
552826
553147
553447
553882
554032
554375
554451
554615
554616
554947
555029
555143
555821
556266
556511
556614
556884
556912
557128
557157
557190
557453
557698
557847
557855
557921
558787
558846
559036
559292
559321
559351
559781
559868
560098
560392
560407
560724
560728
561080
561411
561474
561480
561594
561809
561982
562148
562613
562924
562964
563271
563304
563396
563484
563967
564792
564793
564903
564934
565051
565165
566178
566458
566649
566722
566749
567123
567143
567150
567406
567509
567564
567877
567954
568460
568468
568939
569210
569405
569519
569709
569923
570436
570521
570587
570615
570653
570748
570956
571168
571174
571214
571219
571397
571425
571776
572059
572188
572347
572912
573016
573096
573188
574065
574104
575375
575777
576045
576183
576794
576947
577047
577084
577330
577393
577438
577470
577725
578094
578095
578191
578239
578324
578366
578408
578950
579693
579952
579985
580000
580358
580388
580701
581017
581072
581088
581094
581484
581643
582087
582203
582342
582389
582550
582555
582725
582731
583007
583500
583998
584323
584393
584423
584623
584630
584784
585174
585576
585793
585997
586035
586748
586766
586853
586874
587147
587395
587786
587964
588131
588332
588472
588654
588925
589059
589320
589769
589815
590245
590418
590450
590649
590951
591294
591603
591853
591917
591967
592134
592336
592367
592680
592945
593194
593225
593235
593247
593362
593454
593564
594565
594587
594732
594790
594815
595028
595394
595583
595697
595776
595779
595824
595837
595886
596280
597114
597363
597403
598435
598446
598532
598633
598795
598967
599080
599332
600061
600271
600272
600305
600341
600375
600457
600498
600571
600595
600703
600760
600887
601055
601255
601407
601477
601484
601694
601820
602213
602268
602616
602949
603039
603137
603610
603631
603658
603758
604231
604249
604680
604707
604860
604880
604969
605184
605288
605407
605556
605571
605626
605765
605831
605901
605985
605997
606119
606243
606906
607200
607272
607297
607420
607548
607573
607850
608045
608076
608136
608539
608767
608773
608863
608946
608973
609441
609551
609615
609657
609941
610011
610054
610180
610220
610458
610709
610757
610910
610986
611293
611395
611650
611687
611790
611806
612462
612520
612548
612791
613160
613217
613230
613638
614181
614330
614596
614605
614618
614975
615086
615256
615314
615365
616270
616512
617015
617177
617821
617965
617966
617983
618109
618253
618742
618770
618828
618906
618999
619083
619121
619170
619651
619910
620412
620520
620568
620714
620730
620976
621292
621576
621578
621622
621638
621672
621975
622353
622610
622807
622909
622925
622926
623269
623438
623556
623619
624072
624074
624258
624519
624527
624741
625124
625205
625958
625980
626048
626064
626447
626856
626909
626914
627171
627233
627361
627581
627744
627845
627915
628071
628126
628170
628224
628443
628756
628898
629288
629353
629600
629608
629623
629784
629852
630698
630712
630790
630961
630970
631000
631532
631632
632038
632846
632960
633026
633067
633871
633938
634368
634497
634592
634696
634965
635233
635374
635901
636165
636238
636309
636440
636515
636790
637002
637227
637446
637566
637706
637827
637831
638051
638082
638163
638403
638443
638505
638623
638786
639089
639330
639730
639851
639871
640427
640541
640600
640668
640704
640769
640834
641095
641212
641259
641484
641590
641801
641835
642262
642296
642749
642773
642938
643002
643289
643656
643753
643983
644037
644293
644622
644843
644850
645580
645889
646199
646349
646483
646583
647040
647051
647209
647263
647539
647576
647597
647680
647963
648513
648661
648778
649111
649704
649936
649970
650162
650647
650764
650936
650952
651050
651316
651756
651876
652178
652644
652903
652913
653163
653283
653446
653556
653654
653754
653848
653986
654456
654479
654628
654861
654877
654952
655178
655321
655378
655874
656421
656740
657010
657013
657245
657360
657801
658486
658491
658658
659776
659931
660076
660180
660210
661163
661339
661455
661934
662000
662184
662386
662395
662462
663224
663250
663343
664772
665093
665599
665701
665800
666418
666756
666914
666941
667023
667059
667232
668067
668748
668770
668787
668830
669098
669138
669207
670031
670131
670132
670245
670366
670520
670676
670881
671388
671440
671467
671768
671848
671938
672048
672147
672186
672381
672439
672588
672599
672742
672789
672924
673497
673500
673719
673789
673798
673880
674218
674680
674705
674744
675452
675689
675833
676255
676459
676639
676765
676776
676782
676801
677351
677469
677691
677788
677869
678357
678427
678978
679123
679748
680344
680427
680746
681205
681386
681521
681554
681687
681707
681723
681791
682342
682470
682992
683190
683208
683461
684120
684135
684137
684355
684645
684899
685023
685107
685663
685903
686217
686519
686742
686829
686913
687192
687844
687880
687996
688309
688363
688475
688542
688652
688867
689052
689089
689265
689572
689725
691854
692008
692027
692207
692244
692419
692809
693295
693311
693421
693808
693985
694022
694031
694179
694191
694350
694813
695115
695377
695430
695480
696226
696353
696384
696432
696726
696745
696817
696933
696971
697043
697264
697474
697586
697908
697941
698048
698901
699073
699218
699480
699946
700032
700135
700314
700447
700625
700643
700761
700813
700857
701387
701530
701588
701772
702138
702191
702204
702216
702426
703530
703746
704416
704424
704431
704736
705367
705386
705561
705636
705838
705946
706030
706147
706289
706302
706391
706466
706637
706952
707299
707360
707376
707495
707777
707917
708340
708527
708659
708769
709100
709138
709299
709333
709696
710036
710480
711038
711271
711468
711486
711903
711946
712418
712520
712887
712992
713139
713187
713385
713522
713753
713880
713959
714063
714167
714211
714218
714244
714368
714631
714846
715373
715534
715772
716126
716347
716637
716939
717118
717570
717725
717988
718177
718253
718928
719590
719716
719781
719909
720075
720200
720419
721036
721172
721422
721499
721999
722995
723060
723150
723831
723931
724029
724059
724357
724498
724585
724845
725175
725313
725412
725583
725921
726092
726628
726746
727001
727346
727509
727897
727921
727953
728841
729005
729281
729364
729381
729451
729526
729630
729819
729871
730217
730274
730285
730731
730742
730743
730748
730955
731194
731281
731641
731679
731810
731890
731937
732008
732666
733091
733224
733236
733476
733776
734053
734154
734223
734842
735288
735336
735508
735638
735721
735952
736037
736262
736340
736721
736783
736804
736824
736979
737087
737116
737228
737290
737456
737475
737849
738012
738141
738181
738382
738548
738850
738854
739365
739586
739715
739820
739893
740043
740109
740451
740576
740593
740667
740705
740718
741122
741222
741406
741864
742130
742385
742448
742450
742587
743037
743368
744053
744260
744458
744522
744643
744773
744955
745007
745167
745527
745939
746163
746344
746784
746889
747029
747162
747210
747257
747296
747362
748265
748487
748861
748877
749174
749180
749560
749652
749669
749791
749952
750238
750677
750862
751061
751220
751332
751617
751639
751895
752494
752497
752651
752763
752957
753079
753531
753665
753687
753947
753978
754025
754045
754243
754248
754647
754672
754815
754907
754918
755227
755499
755511
755584
755809
755811
755964
756117
756559
756668
758225
758820
758983
759488
759787
759939
760034
760123
760135
760294
760301
760417
760534
761014
761372
761504
761700
761711
762110
762284
762411
762455
762652
763154
763370
763730
763895
764023
764058
764076
764096
764165
764282
764479
764693
764937
765072
765107
765261
765273
765392
765560
765635
765903
765980
766013
766114
766226
766284
766308
766453
766953
767597
767808
767877
767938
768024
768122
768688
768806
769063
769140
769471
770676
771068
771100
771204
771315
771830
772477
772518
772558
772593
772605
772720
773200
773356
773528
773609
773742
773762
773851
774082
774390
774559
774812
774888
775063
775254
775334
775785
775875
776178
776366
776615
777336
777360
778173
778271
778422
778944
779025
779281
780010
780023
780243
780338
780590
780670
780862
781557
782042
782126
782277
782422
782741
782763
782841
783096
783261
783323
783512
783720
783925
784387
784407
784572
784820
785381
785408
785491
785898
786074
786229
786245
786333
786346
786519
786539
786635
786673
786934
786949
787077
787167
787309
787535
787692
787806
787835
788008
788242
788261
788796
789189
789579
789701
789707
789844
789911
789948
789955
789961
790265
790307
790510
790520
790594
790822
790829
790889
790976
791828
792267
792768
792782
792790
792813
792854
792902
793077
793398
793555
793727
793810
793822
793871
794153
794276
794634
795090
795321
795415
795793
795950
796458
796636
796979
797029
797390
797451
797548
797691
797837
798125
798449
798771
798803
798879
799655
800038
800255
800535
800786
800853
801157
801167
801172
801362
801378
801427
801618
802262
802354
802407
803077
803554
804619
804679
804784
805115
805157
805162
805450
805520
805851
805878
806040
806188
806672
806700
806702
806755
807156
807222
807243
807286
807541
807954
808086
808296
808488
808641
808871
809073
809124
809466
809823
809855
809960
810173
810387
810417
810561
810593
810693
810850
810967
811191
811214
811627
811855
811927
812020
812194
812721
812734
812784
813563
813702
813905
814023
814250
814492
814597
814799
815188
816053
816280
816846
816919
816949
817041
817226
817302
818048
818297
818492
818978
819350
819522
820127
820407
820428
821188
821380
821438
821876
822291
822478
822638
822782
822792
822953
823109
823355
823364
823454
823522
823590
823596
823634
823964
824293
824302
824442
825107
825556
825560
826032
826119
826325
826611
826663
826752
826795
826806
827033
827189
827434
827848
827992
828056
828077
828118
828724
828737
829103
829109
829312
829603
829620
829632
829663
829822
830122
830309
830464
831547
831901
832148
832249
832300
832364
832407
832904
833225
833304
833412
833486
833702
833798
833845
833937
834067
834271
834382
834642
835334
835387
835849
835920
836160
836226
836336
836355
836416
836695
836711
837372
837710
837937
838066
838304
838360
838870
838877
838952
839238
839293
839379
839511
839686
839688
839900
840188
840522
840627
840706
840749
840924
841501
841792
841920
841939
841966
841995
842041
843222
843653
843710
843713
843760
843911
844150
844525
845529
845579
845907
846360
846420
846552
846699
846918
846939
847148
847634
847692
847752
847970
848395
848467
848612
848690
848926
848944
849178
849593
849799
850318
850424
850616
850689
851057
851397
851405
851489
851511
851677
851796
852127
852493
852956
853269
853448
853622
853654
854404
854425
854767
855495
855654
855704
855858
855877
856613
856678
856719
856795
856910
857349
857460
857518
857638
857660
858220
858257
858444
858718
858847
859184
859311
859502
859720
859940
860042
860116
860123
860190
860372
860651
860793
860898
861163
861169
861548
861634
861659
861836
861962
862459
862693
863219
863234
863452
863590
864284
864383
865183
865382
865383
865564
865795
865804
865919
865984
866068
866281
866295
866464
866495
866497
866541
866782
866861
866953
867049
867428
867532
867701
867809
867881
868094
868099
868449
868477
868540
868577
868750
869010
869249
869262
869554
870086
870938
871283
871467
871505
871554
872019
872224
872266
872401
872413
872444
872472
872603
872630
872736
872767
872803
872960
872987
873501
874051
874273
874378
874479
874726
874877
874980
875234
875333
875590
875617
875624
875808
876086
876189
876288
876590
876955
877198
877392
877519
877526
877629
877663
877819
877935
877943
878127
878140
878181
878321
878643
878651
878714
878819
878903
879127
879241
879255
879343
879423
879578
879634
880456
880500
880761
881560
881745
881822
882384
882615
882665
882681
882996
883108
883182
883302
883311
883381
883935
884162
884266
884372
884473
884526
884576
884649
884723
884839
884901
885262
885568
885801
886009
886392
886579
886719
886791
886876
886974
886994
887088
887454
887646
887718
888572
888674
889077
889258
889457
889488
889706
889801
890004
890828
890921
891134
891342
891431
891440
891529
891541
891585
891969
891993
892033
892120
892156
892691
893319
893369
893398
893985
894475
894769
894922
895216
895247
895374
895406
895569
896016
896150
896250
896392
896660
896666
896763
897056
897081
897363
897396
897734
897880
898261
898771
899005
899232
899832
899921
900398
900480
900739
900896
900966
901044
901153
901337
901800
902013
902121
902147
902505
902688
903016
903141
903442
903450
903502
903528
903988
904254
904370
905146
905295
905306
905392
905468
905487
905495
905587
905604
905968
906160
906512
906531
907113
907288
907477
908456
909291
909309
909535
909762
909979
909991
910401
910726
911064
911485
911802
911808
912142
912213
912311
912455
912490
912658
913203
913254
913298
913468
913581
913888
913965
914040
914198
914279
914418
915380
915486
915489
916046
916317
916552
916734
916753
916951
917045
917179
917337
917373
917636
917707
917778
918258
918294
918325
918341
918954
919110
919144
919236
919344
919398
919613
919669
919923
919941
920238
920241
920306
921013
921108
921169
921462
921558
921755
922190
922308
922342
922356
922518
922746
922891
922942
923159
923220
923335
923367
923542
923564
923598
923887
924029
924844
924880
925185
925413
925451
925490
925505
925926
926041
926762
927255
927321
927392
927646
927754
927824
928035
928108
928229
928480
928590
928591
928785
929524
929698
929882
929953
930118
930427
930481
930668
930699
930723
930764
930793
931047
931530
931958
932141
932342
932355
932560
932688
932820
932902
932908
932933
933099
933285
933286
933386
933642
933684
934219
934429
934467
934504
934802
934842
935344
936119
936404
936659
937048
937144
937182
937197
937348
937618
937641
938317
939100
939156
939288
939662
940022
940066
940306
940378
940394
940575
940797
940906
940954
941242
941548
941566
941906
941971
941998
942026
942113
942210
942576
942850
942927
943101
943204
943328
943401
943467
943596
943645
943861
944066
944083
944092
944291
944338
944496
944556
944916
944951
945064
945096
945312
945448
945785
946074
946245
946340
946722
946725
946883
946908
947612
947862
948172
948411
948773
949230
949241
949369
949570
949868
950008
950630
950667
950811
950983
951460
951738
951919
951967
952146
952250
952368
952956
953403
953489
953693
953710
953796
953837
953996
954021
954124
954287
954331
954551
954593
954776
955020
955409
955772
955779
955796
955823
956106
956124
956275
956360
956454
956722
956773
956971
956999
957055
957082
957248
957555
957648
957888
958005
958060
958300
958490
958720
958864
959214
959442
959991
960177
960182
960493
960831
960861
961043
961094
961396
961520
961786
961798
962354
962593
962841
963013
963064
963330
963367
963397
963475
963671
963893
963959
964016
964117
964194
964340
964639
964861
965006
965388
965596
965608
965685
965877
966518
966699
966744
967192
967395
967934
967977
967987
967996
968207
968390
968444
968582
968660
968666
968906
969013
969067
969344
969460
969701
969855
969946
970423
970546
970683
970885
970915
971188
971681
971880
971927
972323
972353
972423
972818
972962
973227
973426
973498
973659
973813
974270
974634
975005
975024
975183
975214
975332
975405
975512
976041
976107
976186
976277
976560
976782
977302
977662
977991
978116
978126
978180
978287
978381
978705
979444
979793
979824
979931
979940
979947
980015
980418
981539
981554
981728
981954
982410
982840
983170
983894
983937
984486
984490
984509
984722
984795
984966
985213
985345
985347
985789
985809
986059
986085
986088
986353
986569
987066
987241
987243
987419
987537
987913
987947
988077
988163
988392
988410
988585
988676
988949
988977
988978
989064
989080
989277
989795
990000
990337
990773
991168
991517
991558
991764
991987
992047
992100
992783
992952
993035
993164
993440
993812
994290
994398
994720
994900
995047
995109
995118
995275
995665
995704
996071
996219
996457
996489
997048
997147
997150
997508
997590
998226
998263
998403
998962
998966
999011
999240
999386
999414
999913
