999822
999599
1065
1193
1285
1687
1771
1902
1976
1987
2046
2227
2458
2525
2609
3040
3050
3267
3422
3794
4325
5315
5526
5538
5607
5681
5746
6002
6384
6392
6652
6654
6815
6859
6944
7178
7233
7734
7764
7814
7876
8033
8273
8315
8865
8936
9059
9071
9561
9600
10076
10607
10775
10842
10901
11339
11525
11852
12130
12331
12541
12587
12669
12802
13846
14249
14281
14321
14669
14684
15788
15860
15871
16276
16446
16862
16902
17016
17238
17423
17499
17506
17875
18078
18303
18522
18859
18863
19134
19308
19837
19889
20162
20168
20253
20976
21354
21409
21415
21485
21844
21904
21930
22304
22605
22851
22980
23194
23982
24097
24223
24404
24526
24549
24865
25087
25333
25655
25670
25734
25914
27095
27123
27820
27849
27857
28164
28529
28716
28755
28919
29173
29465
29717
29739
29756
29841
30223
30421
30548
30552
30682
30688
30853
30959
31054
31084
31194
31271
31310
31372
31445
31808
31956
32356
32539
32591
32723
32821
33036
33222
33306
33328
33412
33791
33847
33978
34068
34144
34314
34729
34733
35133
35210
35349
35437
35507
35710
35768
35815
36058
36307
36578
36728
36843
37034
37120
37146
37163
37526
37868
38037
38074
38149
38251
38268
38336
38804
38819
39007
39106
39173
39462
39737
40289
40302
40796
41297
41654
42123
42139
42416
43091
43260
43378
43604
43648
44185
44207
44542
44687
44843
44851
45079
45307
45589
45773
45832
46470
46532
46647
46655
46780
47022
47096
47820
47823
47909
48157
48819
48850
48943
49077
49438
49645
49665
49918
50892
51012
51124
51200
51414
51830
51908
52529
52572
53119
53292
53598
53611
53629
53795
54124
54372
54693
54708
54936
55211
55235
55330
55442
55524
55827
55993
56328
56514
56658
56662
56780
56955
57124
57295
57514
57524
57622
57873
57923
58150
58178
58642
58736
59176
59294
59347
59387
59388
59667
59960
60041
60082
60117
60393
60615
60741
60836
61020
61218
61282
61352
61428
61521
61622
61821
61828
61841
61871
61918
62029
62088
62184
62530
62668
62823
62839
63366
63375
63406
63908
64236
64293
64385
64446
64491
64693
65355
65806
65932
66155
66189
66193
66336
66463
66473
66485
66857
66977
67258
67566
67606
68022
68283
68361
68443
68769
68856
68955
69283
69880
70038
70107
70237
70613
70959
71334
71427
71704
72113
72114
72221
72603
72861
73030
73082
73430
74117
74280
74618
75983
76545
76777
77315
77375
77643
77693
77805
78157
78188
78369
78394
78606
78640
78888
78955
79248
79280
79447
79452
79533
79623
79706
79867
79904
80039
80502
80631
80726
81173
81222
81250
81359
82549
83220
83323
83625
83985
84113
84123
84839
85137
85155
85204
85424
85668
85750
85831
85864
86030
86267
86673
86739
86836
86947
87033
87109
87128
87324
87534
87681
87809
87899
88198
88540
88649
88720
88770
89322
89365
89468
89655
89750
89921
90119
90168
90223
90331
90598
90661
90990
91257
91394
91434
91454
91563
91775
91820
92059
92158
92296
92585
92776
92806
92847
92962
93934
94042
94136
94224
94252
94283
94361
94810
94976
95314
95468
95486
95933
96046
96250
96255
96481
96657
96701
97488
98315
98356
98506
98863
99607
99680
99764
99979
100033
100348
100584
100723
100940
100972
101087
101118
101363
101412
101947
102015
102084
102206
102505
102793
103038
103162
103497
103979
103986
104328
104421
104531
104561
104623
105283
105550
105702
105782
106079
106244
106403
107119
107362
108253
108283
108393
108403
108473
108856
109087
109381
109479
109648
110031
110357
110392
110474
110656
110766
111319
111377
111453
111696
111801
111918
112194
112374
112533
112785
112889
113007
113116
113193
113260
113756
113837
114098
114112
114178
114358
114722
114757
114857
114910
115292
115375
115582
115612
115894
116253
116390
116707
117101
117357
117553
118103
118693
118906
119011
119259
119358
119369
119703
119784
120044
120190
120298
120457
120602
120675
120962
121186
121456
121924
121987
122037
122305
122352
122783
123119
123129
123404
123973
123981
124997
125155
125398
125523
125713
125880
126185
126235
126244
126339
126362
126593
126804
126903
127125
127466
127683
127822
127854
128229
128757
129045
129270
129304
129340
129353
129404
129468
129701
129892
130009
130063
130078
130408
130435
130445
130512
130648
130655
130803
130846
130873
131191
131326
131478
131689
131751
131786
131942
132053
132224
132542
132751
133383
133631
133859
133907
134135
134194
134212
134387
134620
134892
135319
135328
135395
135510
135545
135547
135593
135632
135699
135774
135791
136096
136291
136888
136892
136968
137133
137461
137474
137598
137668
139028
139318
139332
139539
140029
140731
141207
141259
141410
141518
142030
142082
142106
142853
143315
143394
143611
143781
143798
144152
144158
144239
144646
144811
144894
144942
145113
145953
146031
146067
146084
146097
146874
146965
146995
147053
147430
147795
147935
148125
148184
148503
148650
149034
149073
149090
149343
149534
149807
149998
150317
150605
150670
150690
150800
150892
151015
151043
151162
151167
151458
151668
151689
151789
151884
151891
152107
152443
152587
152758
152914
153121
153302
153364
153524
153562
153818
153898
153931
154077
154105
154140
154427
154984
155366
155375
155491
155503
155613
155619
155660
155730
155811
155859
156009
156081
156277
156495
156648
156698
156890
156988
157145
157300
157365
157859
157969
158081
158527
158822
158849
158943
158985
159088
159114
159239
159405
159415
159689
159777
159972
160190
160284
160430
160507
160903
160942
161068
161096
161179
161503
161571
161955
162126
162216
162286
162310
162793
163053
163143
163395
163595
163633
163774
163782
163874
163991
164162
164293
164735
164811
165209
165692
165724
165733
165799
165805
165847
166057
166368
166722
166824
167026
167235
167246
167383
167730
167849
168102
168152
168314
168418
168529
168947
169548
170336
170464
170592
170840
171116
171279
171471
171630
171780
172323
172325
172411
172479
172561
172565
173442
173532
173613
173684
174913
174930
175243
175588
175887
176377
176440
177203
177552
177991
177996
178315
178684
178768
178840
178916
178969
179182
179660
179820
180034
180187
180276
180356
180434
180525
180614
180685
180709
180944
181188
181512
181573
182305
182339
182469
182684
182771
183074
184009
184120
184153
184231
184568
184821
185040
185177
185205
185478
185492
185567
185685
185705
185935
185972
186017
186375
186533
186704
186739
186887
187325
187379
187465
187518
187692
187787
188597
189047
189051
189236
189567
189577
189733
190360
190414
190540
190602
190963
190978
191381
191511
191595
191864
192161
192254
192572
193709
194215
194216
194606
195100
195366
196217
196297
196905
196990
196991
197063
197170
197359
197385
197672
197704
197750
198031
198057
198096
198304
198630
198796
198803
199143
199274
199281
199598
199868
200094
200096
200337
200622
200628
201225
201266
201692
201908
201919
202184
202476
202601
202717
202815
202831
203091
203094
203172
203331
203522
203866
204195
204412
204724
204882
205249
205439
205614
205640
205755
206217
206584
206740
206755
207012
207417
207527
208228
209288
209528
209682
209815
209863
210116
210199
210527
210809
210850
210876
211044
211361
211551
211914
212358
212929
213020
213077
213142
213182
213385
213628
214136
214214
214460
214469
214681
214868
214876
214973
215412
215490
215719
215839
216265
216307
216422
216478
216492
216511
216519
217322
217448
217580
217725
218164
218206
218229
218775
218892
219087
219221
219303
219483
219523
219536
219873
220135
220248
220292
220373
220385
221264
221348
221422
221728
221816
221914
222004
222021
222228
222371
222421
222436
222438
222605
222866
223614
223616
224040
224191
224591
224673
225102
225205
225280
225358
225504
225838
225883
226078
226234
226564
226626
226757
226928
227155
227430
227462
227482
227610
227850
227925
227930
228040
228217
228986
229389
229481
229486
229941
230039
230279
230402
231043
231269
231560
231870
231922
232010
232227
232322
232447
232581
232758
232945
233122
233265
233405
233937
234118
234594
234741
234766
235062
235090
235140
235243
235380
235842
235937
236265
236742
237057
237621
237816
237972
238035
238062
238088
238581
239038
239074
239079
239191
239486
240257
240325
240578
240650
240830
240887
240910
240973
241233
242501
242718
242968
242994
243369
243400
243423
243517
243572
243734
243787
243860
243882
244026
244115
244210
244274
244822
245126
245171
246060
246272
246443
246472
247284
247362
247626
247754
248010
248443
248567
248662
248733
248779
248955
249196
249398
249460
249643
249661
249740
249834
249927
250066
250259
250769
250815
250867
250916
250976
250994
251563
251666
252106
252312
252573
252596
252891
253803
254209
254216
254290
254435
254497
254704
254979
254985
254995
255145
255810
255841
255899
256082
256199
256427
256489
256521
256872
257216
257264
257359
257466
257475
257590
257757
257761
257988
258227
258561
259078
259299
259695
260035
260201
260239
260256
260382
260799
261174
261526
261538
261651
261758
262088
262229
262933
263083
263173
263358
263406
263479
263524
263628
263827
263930
264072
264444
265153
265293
265443
265453
265508
265900
265975
266140
266186
266340
266344
266554
266724
266757
266868
267045
267328
267365
267483
267652
267654
267937
267965
267977
268258
268397
268608
268974
269000
269112
269144
269209
269421
269475
269516
270417
270439
270566
270666
271053
271131
271342
272088
272220
272473
272573
272894
273034
273139
273169
273452
274174
274411
274416
274586
275021
275128
275177
275254
275321
275322
275504
275533
275571
275595
275771
276020
276093
276113
276336
276350
276493
276681
277271
277621
277724
277837
277990
278565
278792
279084
279119
279343
279438
279493
279817
279854
279869
280169
280482
280905
281201
281213
281270
281295
281415
281738
281825
282205
282384
282558
282776
282821
283359
283614
283618
283641
283695
284016
284236
284333
284468
284911
285173
285232
285739
286039
286479
286672
286876
286885
287093
287220
287230
287357
287743
287827
288153
288262
288407
288831
288960
289351
289520
289605
289772
289794
290167
290220
290349
290658
290738
291064
291193
291745
292010
292055
292076
292584
292832
292842
292922
293019
293526
293726
293876
294357
294626
294963
295232
295777
295822
295990
296159
296201
296466
296561
296566
296621
296953
297482
298177
298200
298238
298420
298522
298783
299007
299188
299368
299571
299651
299828
300178
300252
300591
300743
301065
301149
301358
301418
302631
302825
303238
303457
303560
304005
304009
304285
304857
305101
305414
305539
305655
305675
305705
305771
305773
306309
306651
306753
306768
306803
306810
306892
307068
307114
307486
307672
307951
308036
308140
308622
308691
309567
309648
309669
309739
309745
309764
309768
309770
309812
309820
310032
310230
310767
311060
311093
311219
311284
311521
311527
311696
311810
311955
312450
312455
312819
312833
312945
313183
313460
313873
314032
314116
314261
314432
314442
314558
314821
315521
315547
316059
316228
316341
316628
317046
317093
317228
317726
318501
318545
319477
319561
319575
319713
320311
320431
320445
320724
321271
321371
321535
321758
321818
322030
322186
322325
322476
322491
322566
322622
322898
322961
323149
323167
323202
323250
323284
323585
323857
323909
324104
324134
324180
324184
324239
324271
324480
324574
324625
324737
324890
325111
325139
325287
325495
325540
325542
325602
325607
325738
326880
327468
327475
327484
327544
327648
327894
327910
328050
328440
328453
328458
328490
328544
329056
329304
329543
329763
330204
330253
330828
330830
331392
331429
331529
331698
331721
331800
332442
333313
333442
333487
334094
334108
334196
334266
334292
334321
334430
334476
334548
334698
334985
335328
335548
335549
335624
335757
336397
336689
337084
337307
337321
337415
337416
337471
337692
337727
337742
337750
337827
338020
338437
338522
338818
339398
339561
339651
339853
339994
340124
340234
340248
340283
340329
340518
341001
341180
341613
341846
342343
342615
342695
342867
343104
343717
343842
343867
343891
344008
344349
344398
344456
344505
344728
345130
345178
345244
345824
346081
346789
346858
346893
346973
347287
347338
347719
347956
348142
348164
348166
348253
348475
348479
348754
348819
349249
349355
349635
349838
349850
350528
350797
350833
350887
351049
351250
351306
351530
351606
351713
352171
352426
352458
352534
352628
352723
353105
353136
353208
353346
353425
353506
353585
353763
353909
353938
354050
354091
354131
354593
354796
354798
354964
355029
355068
355122
355312
355358
355424
355965
355985
356229
356502
356504
357064
357105
357419
357670
357715
357752
357863
358216
358341
358350
358355
358728
359418
360036
360281
360348
360838
360952
361164
361338
361555
361774
361822
361947
362050
362143
362630
362771
362990
363215
363321
363512
363609
363668
363751
364408
364700
364996
365247
365283
365588
365796
365891
366275
366525
367041
367481
367524
367784
367802
367851
368259
368520
368634
368760
368791
368981
369005
369203
369443
369688
369796
369886
370189
370243
370291
370361
370367
370447
370516
370615
370888
370963
371085
371155
371245
371602
372183
372368
372472
372702
372790
372891
373425
373985
374178
374196
374238
374847
375050
375608
375619
376117
376627
376646
376806
376956
376968
377066
377151
377156
377336
377428
377614
377932
378056
378102
378108
378414
378832
379081
379084
379738
380176
380546
380585
380754
381070
381288
381537
381606
381638
382057
382241
382545
382642
382703
383237
383755
383870
384235
384248
384423
384595
384605
384608
384654
384813
384830
384854
384968
385609
385915
386365
386382
386422
386638
386677
387132
387682
387713
387811
387902
388153
388623
388891
388961
389167
389304
389542
390737
390818
391158
391202
392033
392192
392254
392536
392851
392925
392957
393514
393659
393779
393899
393954
394004
394221
394254
394327
394360
394933
395000
395048
395063
395173
395412
395561
395714
395870
395936
396162
396173
396193
396241
396471
396589
396997
397101
397124
397267
397857
397865
397969
398012
398065
398320
398572
398611
398822
399035
399250
399498
399532
399547
399822
400117
400186
400550
400722
400832
400894
401738
401991
402065
402252
402314
402355
402362
402423
402567
402655
402878
402913
403114
403126
403237
403285
403296
403552
404103
404348
404515
404571
404731
404738
404749
404864
404987
405103
405220
405345
405349
405558
405758
405855
405866
406078
406143
406168
406386
406463
406605
406617
406690
406957
406972
407298
407401
407441
407489
407690
407713
407753
407827
407959
407969
408108
408134
408179
408242
408526
409214
409748
409940
410056
410159
410400
410591
410633
410673
410737
410758
411457
411590
411673
412117
412496
413067
413068
413407
413887
413923
414040
414196
415184
415406
415580
416080
416555
416740
416900
416966
417084
417273
417334
417678
417919
418089
418209
418291
418420
419040
419130
419134
419168
419409
419549
420210
420731
421086
421179
421272
421448
421633
421776
422051
422059
422178
422402
422413
422451
422792
422813
422832
422857
423018
423292
423775
423878
424284
424779
424899
424917
425046
425274
425297
425483
425550
425880
425911
426198
426414
427073
427112
427316
427922
427926
428104
428575
428807
429323
429359
429381
429751
429801
429819
429833
429914
429964
430064
430478
430493
430730
431263
431269
431271
431400
431426
431532
432079
432100
432349
432382
432713
433271
433633
433907
434172
434298
434560
434616
434898
435180
435849
435861
435973
435975
436092
436149
436151
436174
436266
436295
436497
436512
436699
436783
436865
438024
438337
438581
438708
438731
439039
439056
439298
439332
439374
439872
440076
440119
440170
440327
440626
441515
442083
442395
442426
442744
442781
443157
443192
443253
443334
443634
443654
444337
444666
444711
444765
444968
444994
446110
446219
446270
446712
446757
446890
447000
447061
447480
447886
448064
448284
448443
448692
448758
448871
448952
449001
449269
449428
449447
449488
450166
450238
450310
450329
450379
450416
450495
450827
450934
451231
451512
451516
451570
451632
451956
452521
452774
452795
452799
453174
453181
453515
453683
453696
454039
454149
454250
454335
454352
454588
454592
454666
454694
454796
454973
455110
455216
455393
455425
455812
456771
456961
457379
457506
457551
457645
457896
458086
458326
458375
458436
459117
459396
459440
459982
460007
460202
460405
460503
460670
460811
460840
461216
461346
461422
461639
461679
461706
462379
462657
463146
463265
463542
464332
464429
464565
464911
464958
465282
465401
465479
465656
465804
465901
466006
466053
466133
466311
466638
466685
466867
467018
467084
467205
467543
467614
467631
467763
468093
469173
469274
469484
469557
469600
469846
470142
470523
470528
470610
470717
471046
471178
471263
471929
471930
471942
472365
473319
473911
473954
474187
474413
474587
474860
475321
475398
475587
475666
475716
475726
476236
476418
476457
477117
477262
477265
477462
477607
477831
478371
478574
478625
478852
479017
479392
479495
479579
480247
480348
480495
480724
480855
480884
481005
481312
481568
482157
482342
482529
482546
482888
483438
483604
483660
483796
483797
484523
484802
484842
484944
485008
485025
485130
485284
485856
485887
486193
486480
486583
486737
487361
487494
487948
488108
488582
488908
489793
489828
489919
490108
490683
490761
490778
490858
490979
491497
491692
491701
491744
491863
491933
492008
492657
492898
492950
493436
493455
493506
493831
493896
493903
493982
494200
494324
494621
494812
495190
496388
497082
497285
497423
497639
497905
498190
498281
498537
498674
498687
498700
498847
499422
499449
499723
499809
499907
499949
500289
500485
500487
500562
500638
500847
500896
501185
501586
501678
501868
501933
501944
502015
502241
502622
503007
503329
503377
503403
503420
503540
504396
504410
504707
504710
504852
505075
505186
505220
505257
505359
505387
505445
505488
506366
506632
506820
506866
506976
507236
507837
507959
508039
508165
508218
508246
508563
509188
509265
509403
509813
509852
509853
509876
510284
511492
511639
512039
512183
512562
512803
513182
513297
513632
513680
513941
514084
514105
514126
514229
514377
514392
514511
514678
514910
515033
515107
515130
515703
515729
515775
515832
515920
515952
515967
516113
516179
517097
517447
517484
517655
517841
517844
518093
518303
518622
519260
519784
519888
520086
520096
521400
521457
521479
522212
522388
522522
522677
522896
522914
523082
523255
523547
523763
523820
523857
523912
524025
524093
524142
524196
524703
525024
525077
525176
525270
525506
525716
525771
525928
525947
525977
526146
526159
526258
526313
526323
526562
526599
526906
527474
527493
527662
527697
527813
527892
528122
528197
528210
528275
528439
528964
529278
529426
529458
529499
529500
529548
530183
530324
530628
531014
531189
531332
531629
531902
532029
532065
532090
532272
532302
532747
533287
533338
533364
533617
534286
534426
534490
534511
534819
534844
535228
535279
535311
535564
535602
536788
537530
537626
537634
537655
537745
537763
537843
537913
538246
538496
538501
538555
538661
538690
538930
539235
539445
539541
539855
539951
540128
540452
540576
541072
541156
541161
541219
541500
542086
542315
542543
542774
543016
543216
543415
543540
543912
544095
544364
544645
544867
545353
545421
545771
545935
545974
546069
546221
546332
546701
546904
547412
547493
547696
547993
548029
548091
548329
548544
548761
548787
549144
549158
549300
549433
549459
549605
549650
550164
550226
550348
550538
550796
550867
550911
551106
551126
551461
551621
551705
552235
552528
552816
553102
553327
553347
553397
553787
553812
553961
554023
554651
555362
555546
555575
555896
555908
556199
556427
557093
557449
557513
557566
557744
557778
558210
558335
558377
558414
558734
558840
558905
559182
559910
560398
560508
560651
560771
560869
561311
561362
561597
561636
561693
561859
561876
562522
562760
562802
562995
563029
563305
563468
563503
563634
564012
564235
564343
564402
564441
564485
565157
565202
565460
565506
565520
565525
565583
565729
565732
565883
565938
565985
566191
566321
566420
566481
566596
566703
566708
567201
567823
568095
568163
568227
568437
568566
569194
569346
569444
569976
570206
570210
570831
570921
570945
570951
571241
571564
571567
571863
571946
572162
572217
572293
572337
572348
572490
572653
572710
573555
574301
574790
574976
575022
575063
575362
575778
575874
575932
576605
576618
576776
576779
576829
576865
577111
577491
577519
577877
577883
577966
578725
578966
579089
579663
579823
580311
580383
580770
580825
580927
581017
581247
581625
581875
582417
583067
583120
583172
583354
583803
584059
584104
584169
584202
584321
584386
584450
584803
585009
585019
585557
585715
585793
585797
586594
586725
586756
586951
587091
587133
587841
587878
587926
588341
588436
588771
588803
588896
589010
589077
589316
589438
589483
589759
590003
590301
590977
591786
591846
591855
591898
592099
592117
592357
592623
592657
592684
592873
593251
593795
593856
594308
594567
595496
595543
596209
596812
597007
597069
597114
597339
597624
597769
597793
598094
598159
598194
598357
598615
598754
598806
599190
599476
599488
599875
600379
600621
600877
600898
601046
601341
601511
601614
601850
601909
601910
602111
602178
602233
602487
602874
603036
603084
603392
603748
603750
604307
605068
605742
605985
606010
606278
606531
606650
607106
607505
608148
608301
608453
608652
608690
608890
609057
609218
609285
609379
609479
609540
609801
610026
610137
610282
610420
610848
611034
611089
611122
611198
612241
612599
612759
612763
612782
612908
613129
613167
613238
613675
613876
615007
615024
615304
615648
615791
615827
616085
616122
616305
616356
616661
617265
617631
617694
618032
618050
618322
618556
618655
618695
618972
619039
619235
619252
619470
620111
621040
621064
621077
621604
621747
621871
622236
622341
623251
623570
623620
623627
623637
623674
623872
623966
624108
624144
624525
624551
624610
624804
625632
625827
625912
625936
626177
626448
626627
626760
626784
626855
626897
626913
627058
627224
627567
628038
628638
628677
628855
628861
629215
629419
629659
629819
630029
630434
630531
630654
630665
630929
630981
631373
632020
632065
632373
632810
632865
632975
632978
633144
633347
633657
633713
633787
633872
634055
634350
634552
634924
635206
635250
635274
635437
635474
635706
635731
635771
635952
636039
636108
636136
636198
636202
636257
636299
636442
636525
636914
636941
637613
637915
638057
638908
638920
639276
640617
640783
640907
641029
641112
641258
641294
641350
641541
641552
641880
641908
642332
642596
642738
642898
643332
643584
643650
644052
644115
644379
644447
644498
644684
644763
644913
645025
645345
645363
645553
645565
645583
646372
646578
646602
646644
646898
647138
647843
647882
648305
648621
648633
649040
649274
649320
649659
649834
650046
650211
651010
651349
651762
652154
652226
652344
652374
652568
652991
653021
653139
653455
653535
653704
653913
653923
654178
654551
654573
654731
654763
654851
655032
655058
655166
655432
655591
655696
655730
656406
656447
656755
656846
657042
657057
657205
657420
657423
657745
658114
658323
658430
658469
658583
658633
658736
659047
659144
659214
659372
659406
659456
659604
659643
659782
659897
660074
660250
660876
660896
660904
660981
661443
661555
662000
662051
662588
662668
662712
662786
662787
662839
662888
662966
663842
664284
664689
664786
664790
665253
665404
665857
665980
666154
666333
666616
666623
667206
667435
667553
667662
667690
667708
668167
668638
668706
668898
668912
669119
669371
669401
669977
670311
670389
670712
670942
670981
671553
671818
671868
672099
672326
672369
672403
672474
672588
672624
672640
672811
672944
673624
673692
674160
674379
674684
674845
674851
674879
674910
675469
676290
676950
676958
677031
677158
677247
677493
677840
677949
677991
678650
679412
679597
679777
680027
680262
680787
681100
681434
681556
681868
682163
682397
682463
682538
682664
682700
683191
683227
683232
683485
683489
683580
683691
683907
684092
684259
684600
684913
685110
685412
685742
685834
685886
686140
686416
686546
686582
686709
686728
686828
687082
687109
687239
687371
687498
687581
687681
687838
687947
688129
688275
688535
688651
688664
688812
689125
689221
689813
690143
690222
690661
690701
690709
690717
691990
692168
692319
692508
692854
692886
692933
693080
693252
693608
693732
693894
694081
694114
694167
694299
694348
694561
695227
695272
695304
695483
695563
695717
696040
696342
696474
696641
696760
696823
696983
697171
697699
697805
698075
698077
698694
698906
699320
699372
699767
699955
700448
700449
700618
700705
700801
700818
700935
701047
701407
701501
701529
701544
701899
702942
703060
703132
703299
703351
703448
703670
703701
703946
704142
704369
704372
704976
704981
705298
705766
705934
706111
706489
706515
707118
707270
708058
708098
708375
708405
708501
708505
708694
708806
709085
709531
709580
709916
709996
710247
710290
710354
710474
710790
710797
710982
711317
711878
711900
711948
712160
712315
713044
713112
713571
713759
714245
714361
714427
714536
714542
714686
714745
715115
715426
715661
715852
715960
715973
716232
716499
716812
717008
717053
717240
717288
717317
717367
717488
717720
717756
717772
717995
718067
718129
718131
718253
718272
718340
718356
718363
718389
718563
718706
719498
719894
719978
720192
720315
720415
720658
720870
721205
721261
721749
721784
721909
721973
722080
722375
722508
722557
722625
722684
722939
722972
723010
723690
724094
724759
725603
725984
726142
726597
726891
726984
727166
727414
727627
727754
727827
727846
728832
729049
729658
729729
730288
730539
731081
731342
731870
731902
731948
732553
732839
732872
732884
733079
733203
733247
733505
733574
733610
733866
733958
734077
734078
734168
734216
734300
734746
734943
734980
735455
735665
736438
736460
736765
736809
736851
737041
738266
738518
738728
738746
739039
739116
739161
739497
739721
739779
739981
740100
740267
740454
740717
740802
740846
742539
742558
743028
743063
743069
743336
743357
743378
743512
743533
743604
743809
744143
744917
745345
746461
746490
746539
747263
747444
747486
747619
747870
747998
748432
748448
748587
748703
748754
748945
749129
749508
749548
750314
750595
750625
750923
751443
751646
751803
751840
752677
752723
752900
752998
753531
753691
753927
754119
754229
754236
754965
755133
755182
755272
755669
755851
755923
756416
756755
756945
757056
757111
757643
757870
757906
758092
758775
758820
759009
759065
759182
759192
759281
759330
759413
759809
759900
760146
760149
760153
760266
760272
760364
760960
760962
761388
761513
761885
762018
762049
762146
762378
762516
762936
763035
763094
763141
763321
763606
763621
763653
764095
764183
764322
764472
764541
764831
764953
765148
765265
765549
765679
765700
765907
766094
766208
766443
766518
766834
767074
767251
767689
767774
768227
768290
768463
768584
768720
769023
769062
769543
769867
769948
770746
770909
770942
771223
771448
771475
771511
771650
771860
772087
772372
773572
773788
773912
774638
775062
775420
775893
775941
776148
776282
776513
776696
776934
777021
777608
777639
777839
778106
778250
778324
778416
778766
778791
779376
779432
779585
780111
780751
781126
781211
781252
781268
781309
781419
781701
781991
782156
782299
782447
782501
782606
782667
782745
783052
783431
783508
783684
783772
784188
784349
784469
784551
784710
784773
784848
784969
784987
785127
785520
785636
785670
786145
786208
786220
786501
786593
786942
786997
787566
787979
788009
788187
788479
788995
789112
789569
789572
789595
789598
789771
789794
789877
789998
790080
791305
791445
791476
791591
791870
792273
792406
792548
792952
792984
793026
793369
793486
793798
793969
793977
794360
794429
794497
794862
795113
795384
795423
795500
796120
796277
796361
796400
796404
796472
797561
797580
797677
797720
797772
797846
798006
798179
798207
798331
799366
799430
799749
799785
800363
800427
800546
800619
800888
800988
801237
801523
801822
802183
802453
802469
802524
802577
802909
803673
803863
803895
804198
804417
804437
804653
805342
805345
805589
805692
805758
805846
805900
806208
806348
806776
806899
806938
807023
807407
807707
807709
808021
808104
808432
808643
808725
808804
809027
809099
809372
809398
809424
809633
809862
809868
809929
810162
810202
810672
810771
811648
812351
812523
812542
812894
812945
812986
813282
813501
813584
813901
814222
814242
814259
814538
814594
815058
815393
815898
816128
816219
816665
816695
817161
817423
817607
817873
818398
818410
818560
818709
818756
819165
819301
819364
819825
819858
819917
820092
820183
820521
821090
821227
821303
821585
821608
822073
822444
822503
822504
822545
822903
823193
823308
823336
823652
823767
823784
824060
824618
824887
825351
825392
825405
825409
825516
825616
826039
826083
826617
826631
826659
826678
826838
827005
827636
827694
828185
828317
828370
828820
828850
829134
829168
829432
829517
829543
829677
829891
830537
830713
830945
831031
831034
831084
831318
831372
831470
831518
831848
831903
831937
832672
832832
832929
832995
833064
833277
833310
833487
834645
834818
834848
835086
835098
835237
835397
835789
835813
835870
836295
836337
836509
836958
836984
836985
837454
837526
838078
838265
838563
838981
839084
839196
840038
840111
840252
840318
840513
840717
840980
841267
841491
841971
842113
842140
842520
842850
842877
842894
842968
843096
843320
843404
843566
843813
844030
844051
844090
844164
844175
844188
844217
844313
844533
844613
844748
845182
845371
845414
846075
846157
846407
846533
846556
847002
847093
847256
847362
847474
848687
848850
848885
848989
849005
849019
849046
849261
849292
849844
849873
850020
850029
850191
850215
850376
850519
850594
850602
850684
850710
850763
850938
851379
851427
852226
852459
852575
852596
852602
852974
853596
853761
853934
854069
854354
854430
854562
854622
855481
855705
855721
856051
856433
856830
857160
857355
857386
857939
857958
857967
857981
858077
858450
859143
859522
859677
859839
859864
860187
860579
860724
860785
861046
861144
861160
861927
861992
862221
862297
862298
862308
862611
862758
862788
863023
863082
863339
863390
863416
863554
863730
863780
863883
863885
863956
864119
864390
864412
864448
864692
864809
864985
865115
865197
865319
865760
866661
867218
867303
867544
867698
867804
867886
868007
868082
868385
868393
869211
869503
869612
869737
869985
870595
870614
870776
870960
871520
871658
871858
871942
872760
873104
873548
873767
874174
874419
874527
874623
874965
875037
875372
875653
875774
875775
876068
876224
876259
876322
876503
876785
877201
877420
877702
877749
878411
878703
878851
879457
879788
879882
880029
880032
880168
880223
880372
880423
880500
880556
880627
880695
881180
881205
881237
881414
881502
881591
881733
881786
882096
882415
882721
882783
882995
883753
883835
884558
884604
884692
884887
885102
885295
885483
885712
885758
885875
885909
885924
886253
886273
886275
886460
886645
886850
886883
887384
887413
887561
887685
887850
888055
888401
888654
888658
888722
888777
888811
889165
889182
889326
889444
889451
889525
889536
889759
889938
890087
890368
890457
890718
890879
891028
891228
892251
892272
892394
892458
893080
893135
893647
893903
894040
894059
894189
894615
895159
895214
895629
896145
896199
896284
896472
896820
897017
897382
897466
898094
898754
899021
899040
899101
899154
899690
899691
899867
899895
900346
900369
900625
901050
902000
902011
902022
902133
902285
903145
903287
903304
903397
904100
904663
904666
904914
905027
905048
905269
905545
905692
906026
906045
906063
906406
906408
906585
906692
906916
907004
907088
907206
907331
907376
907398
907558
907559
907595
907653
908165
908376
908417
908467
908671
908696
908723
908944
908985
909174
909209
909249
909695
909787
910106
910464
910629
910899
911616
911669
911749
911780
912534
912825
912835
912851
913301
913448
913477
913531
913761
914109
914148
914253
914597
914823
914911
914950
915480
915586
915841
916133
916424
916762
916843
917085
917124
917208
917509
917856
917923
917973
917992
918283
918558
918875
918924
918964
919025
919137
919303
919313
919380
919410
919460
919521
920430
920956
921369
921609
921671
921694
921709
921826
921920
922232
922318
922416
922658
923305
923349
923385
923860
924291
924608
924738
925124
925169
925275
925426
925434
925544
925793
925835
925903
925977
926071
926299
926582
926853
926930
927804
928250
928386
928512
928628
928913
928976
929028
929080
929134
929141
929223
929576
929699
929775
929823
930469
930847
931316
931421
931830
932340
932349
932401
932442
932681
932763
932810
932926
933250
933508
933633
933637
933703
933963
934063
934206
934616
934663
934909
934993
935703
936165
936286
936491
936539
936597
936660
936673
936678
936699
937002
937027
937175
937757
937847
937919
938545
938741
938752
939042
939235
939479
939971
940083
940450
940477
940980
941068
941259
941269
941655
941891
942121
942133
942373
942758
942942
943142
943259
943276
943369
943780
944422
944429
944440
944610
944745
945287
945381
945383
945872
946413
946967
947163
947182
947217
947343
947759
947995
948274
948348
948409
948437
948484
948719
948829
949146
949595
949648
949824
949940
950616
950625
950653
950797
950920
951263
951521
951768
951778
952161
952231
952311
952468
952935
953020
953087
953137
953494
954354
954530
955366
955430
955487
955538
955548
955719
955838
955937
956074
956160
956255
956351
956603
956743
956806
957122
957186
957500
957632
957637
957834
957864
958433
958448
958506
958558
958807
958996
959037
959186
959328
959501
959513
959703
959784
959886
959953
960071
960301
960462
960694
960803
960806
962160
962274
962705
962729
963259
963390
963590
963632
964446
964791
964796
964916
964996
965227
965482
965502
965567
965906
966226
966388
966476
966594
966649
966704
966847
966941
966975
967019
967059
967217
967547
967700
967719
967894
968074
968625
968730
968826
968843
968977
969093
969155
969168
969220
969241
969408
969627
969652
969885
970174
970225
970337
970729
970908
971131
971741
971744
971863
971912
972471
972640
972727
972778
972845
972922
973345
973411
973481
973707
974267
974429
974628
974650
974741
974872
974926
975904
976068
976302
976314
976456
976828
976938
976977
977070
977367
977486
977608
977718
977867
978214
978280
978644
978887
979037
979077
979386
979432
979615
979765
979835
980103
980211
980308
980470
980569
980869
981008
981187
981204
981378
981508
981564
981724
981816
981834
981872
982186
982228
982251
982286
982355
982577
982869
983275
983386
983667
984078
984558
984589
984621
985026
985100
985403
985509
985510
985761
986532
986726
986820
987120
987147
987290
987454
987805
987851
987853
988079
988216
988337
988339
988852
988927
988949
989188
989476
989807
990086
990176
990264
990731
990904
991124
991558
992204
992263
992789
993168
994004
994034
994083
994260
994290
994319
994437
994773
994801
994826
995029
995597
995950
996175
996240
996441
996829
997076
997157
997199
997232
997251
997451
997700
997711
997744
997867
998289
998350
998451
998795
998847
998895
998941
999182
999188
999296
999364
999386
