0.0000119209
0.0000119209
0.0000119209
0.0000119209
0.0000119209
0.0000119209
0.0000121593
0.0000121593
0.0000121593
0.0000121593
0.0000119209
0.0000119209
0.0000119209
0.0001041889
0.0000119209
0.0000269413
0.0000131130
0.0000119209
0.0000121593
0.0000121593
0.0000121593
0.0000131130
0.0000121593
0.0000119209
0.0000119209
0.0000128746
0.0000119209
0.0000128746
0.0000131130
0.0000128746
0.0000128746
0.0000131130
0.0000131130
0.0000119209
0.0000131130
0.0000131130
0.0000119209
0.0011000633
0.0000119209
0.0000121593
0.0000128746
0.0000119209
0.0000119209
0.0000119209
0.0000119209
0.0000159740
0.0000131130
0.0000128746
0.0000119209
0.0000119209
0.0000131130
0.0000119209
0.0000128746
0.0000131130
0.0000131130
0.0000119209
0.0000131130
0.0000119209
0.0000119209
0.0000119209
0.0000119209
0.0000131130
0.0000119209
0.0000119209
0.0000131130
0.0000121593
0.0000131130
0.0000119209
0.0000121593
0.0000119209
0.0000128746
0.0000119209
0.0000128746
0.0000131130
0.0000119209
0.0000119209
0.0000119209
0.0000128746
0.0000119209
0.0000131130
0.0000121593
0.0000131130
0.0000128746
0.0000169277
0.0000128746
0.0000131130
0.0000128746
0.0000119209
0.0000119209
0.0000131130
0.0000131130
0.0000131130
0.0000128746
0.0000128746
0.0000119209
0.0000131130
0.0000128746
0.0000119209
0.0000121593
0.0000119209
0.0000121593
0.0000121593
0.0000131130
0.0000128746
0.0000128746
0.0000131130
0.0000128746
0.0000128746
0.0000131130
0.0000121593
0.0000128746
0.0000131130
0.0000128746
0.0000119209
0.0000119209
0.0000131130
0.0000131130
0.0000131130
0.0000121593
0.0000128746
0.0000128746
0.0000121593
0.0000121593
0.0000119209
0.0000131130
0.0000119209
0.0000128746
0.0000128746
0.0000128746
0.0000121593
0.0000128746
0.0000121593
0.0000128746
0.0000128746
0.0000119209
0.0000119209
0.0000309944
0.0000128746
0.0000119209
0.0000119209
0.0000131130
0.0000119209
0.0000128746
0.0000131130
0.0000128746
0.0000131130
0.0000131130
0.0000119209
0.0000131130
0.0000119209
0.0000119209
0.0000121593
0.0000121593
0.0000131130
0.0000128746
0.0000119209
0.0000119209
0.0000121593
0.0000131130
0.0001370907
0.0000119209
0.0000128746
0.0000119209
0.0000119209
0.0000119209
0.0000121593
0.0000119209
0.0000119209
0.0000119209
0.0000119209
0.0000121593
0.0000119209
0.0000119209
0.0000119209
0.0000128746
0.0000119209
0.0000119209
0.0000131130
0.0000121593
0.0000119209
0.0000128746
0.0000119209
0.0000121593
0.0000131130
0.0000119209
0.0000119209
0.0000121593
0.0000121593
0.0000128746
0.0000119209
0.0000131130
0.0000119209
0.0000119209
0.0000119209
0.0000119209
0.0000128746
0.0000121593
0.0000131130
0.0002620220
0.0000119209
0.0000119209
0.0000121593
0.0000119209
0.0000119209
0.0000131130
0.0000121593
0.0000119209
0.0000128746
0.0000159740
0.0000131130
0.0000128746
0.0000119209
0.0000128746
0.0000150204
0.0000119209
0.0000128746
0.0000159740
0.0000128746
0.0000121593
0.0000119209
0.0000128746
0.0000128746
0.0000119209
0.0000119209
0.0000121593
0.0000128746
0.0000131130
0.0000119209
0.0000119209
0.0000121593
0.0000131130
0.0000119209
0.0000121593
0.0000131130
0.0000131130
0.0000121593
0.0000128746
0.0000119209
0.0000159740
0.0000159740
0.0000119209
0.0000128746
0.0000121593
0.0000131130
0.0000128746
0.0000121593
0.0000119209
0.0000121593
0.0000121593
0.0000128746
0.0000128746
0.0000131130
0.0000131130
0.0000121593
0.0000119209
0.0000131130
0.0000128746
0.0000128746
0.0000128746
0.0000219345
0.0000128746
0.0000128746
0.0000119209
0.0000131130
0.0000121593
0.0000128746
0.0000131130
0.0000131130
0.0000128746
0.0000121593
0.0000128746
0.0000131130
0.0000128746
0.0000128746
0.0000121593
0.0000119209
0.0000131130
0.0000128746
0.0000119209
0.0000119209
0.0000119209
0.0000119209
0.0000140667
0.0000131130
0.0000119209
0.0000119209
0.0000121593
0.0000131130
0.0000119209
0.0000119209
0.0000131130
0.0000119209
0.0000131130
0.0000119209
0.0000131130
0.0000119209
0.0000119209
0.0000121593
0.0000131130
0.0000131130
0.0000119209
0.0000119209
0.0000128746
0.0000131130
0.0000119209
0.0000128746
0.0000119209
0.0000119209
0.0000140667
0.0000121593
0.0000131130
0.0000128746
0.0000119209
0.0000128746
0.0000119209
0.0000131130
0.0000119209
0.0000121593
0.0000128746
0.0000119209
0.0000128746
0.0000119209
0.0000140667
0.0000121593
0.0000121593
0.0000131130
0.0000128746
0.0000119209
0.0000131130
0.0000121593
0.0000119209
0.0000128746
0.0000119209
0.0000119209
0.0000128746
0.0000121593
0.0000121593
0.0000128746
0.0000121593
0.0000128746
0.0000121593
0.0000119209
0.0000131130
0.0000128746
0.0000128746
0.0000121593
0.0000131130
0.0000121593
0.0000128746
0.0000119209
0.0000119209
0.0000131130
0.0000128746
0.0000128746
0.0000128746
0.0000140667
0.0000121593
0.0000119209
0.0000119209
0.0000128746
0.0000138283
0.0001709461
0.0000128746
0.0000131130
0.0000131130
0.0000119209
0.0000128746
0.0000169277
0.0000119209
0.0000209808
0.0000119209
0.0000128746
0.0000128746
0.0000121593
0.0000119209
0.0000131130
0.0000131130
0.0000131130
0.0000121593
0.0000128746
0.0000131130
0.0000119209
0.0000131130
0.0000121593
0.0000131130
0.0000131130
0.0000119209
0.0000131130
0.0000121593
0.0000119209
0.0000140667
0.0000119209
0.0000119209
0.0000121593
0.0000131130
0.0000128746
0.0000131130
0.0000119209
0.0000131130
0.0000128746
0.0000119209
0.0000128746
0.0000119209
0.0000131130
0.0000119209
0.0000121593
0.0000131130
0.0000121593
0.0000119209
0.0000119209
0.0000119209
0.0000128746
0.0000131130
0.0000119209
0.0000121593
0.0000119209
0.0000209808
0.0000119209
0.0000119209
0.0000119209
0.0000119209
0.0000119209
0.0000128746
0.0000121593
0.0000131130
0.0000119209
0.0000221729
0.0000121593
0.0000119209
0.0000119209
0.0000181198
0.0000131130
0.0000119209
0.0000131130
0.0000119209
0.0000119209
0.0000119209
0.0000119209
0.0000119209
0.0000119209
0.0000119209
0.0000119209
0.0000121593
0.0000119209
0.0000121593
0.0000128746
0.0000131130
0.0000131130
0.0000150204
0.0000128746
0.0000119209
0.0000119209
0.0000128746
0.0000119209
0.0000119209
0.0000119209
0.0000128746
0.0000128746
0.0002169609
0.0000131130
0.0000119209
0.0000131130
0.0000131130
0.0000121593
0.0000131130
0.0000119209
0.0000119209
0.0000119209
0.0000128746
0.0000128746
0.0000128746
0.0000128746
0.0000131130
0.0000228882
0.0000131130
0.0000119209
0.0000128746
0.0000119209
0.0000128746
0.0000121593
0.0000128746
0.0000128746
0.0000128746
0.0000121593
0.0000128746
0.0000128746
0.0000121593
0.0000119209
0.0000121593
0.0000119209
0.0000119209
0.0000121593
0.0000119209
0.0000119209
0.0000119209
0.0000119209
0.0000119209
0.0000128746
0.0000119209
0.0000119209
0.0000171661
0.0000119209
0.0000119209
0.0000119209
0.0000121593
0.0000131130
0.0000131130
0.0000128746
0.0000119209
0.0000190735
0.0000131130
0.0000131130
0.0000219345
0.0000119209
0.0000119209
0.0000119209
0.0000128746
0.0000119209
0.0002350807
0.0000119209
0.0000128746
0.0000131130
0.0000119209
0.0000119209
0.0000121593
0.0000119209
0.0000131130
0.0000131130
0.0000131130
0.0000159740
0.0000128746
0.0000128746
0.0000131130
0.0000131130
0.0000119209
0.0000119209
0.0000121593
0.0000119209
0.0000128746
0.0000119209
0.0000121593
0.0000128746
0.0000128746
0.0000119209
0.0000121593
0.0000131130
0.0000121593
0.0000121593
0.0000119209
0.0000131130
0.0000128746
0.0000131130
0.0000128746
0.0000128746
0.0000119209
0.0000121593
0.0000119209
0.0000119209
0.0000119209
0.0000119209
0.0000128746
0.0000119209
0.0000121593
0.0000128746
0.0000119209
0.0000128746
0.0000119209
0.0000119209
0.0000131130
0.0000119209
0.0000119209
0.0000119209
0.0000131130
0.0000131130
0.0000131130
0.0000119209
0.0000119209
0.0000131130
0.0000121593
0.0000178814
0.0000128746
0.0000119209
0.0000128746
0.0000121593
0.0000119209
0.0000131130
0.0000121593
0.0000119209
0.0000121593
0.0000119209
0.0000119209
0.0000119209
0.0000121593
0.0000119209
0.0000121593
0.0000121593
0.0000121593
0.0000119209
0.0000128746
0.0000119209
0.0000119209
0.0000119209
0.0000109673
0.0000128746
0.0000121593
0.0000119209
0.0000119209
0.0000119209
0.0000128746
0.0000119209
0.0000119209
0.0000119209
0.0000121593
0.0000128746
0.0000119209
0.0000121593
0.0000219345
0.0000112057
0.0000121593
0.0000119209
0.0000121593
0.0000119209
0.0000119209
0.0000119209
0.0000121593
0.0000121593
0.0000128746
0.0000119209
0.0000119209
0.0000119209
0.0000119209
0.0000121593
0.0000128746
0.0000119209
0.0000219345
0.0000119209
0.0000121593
0.0000109673
0.0000119209
0.0000119209
0.0000131130
0.0000121593
0.0000128746
0.0000121593
0.0000131130
0.0000131130
0.0000131130
0.0000121593
0.0000121593
0.0000131130
0.0000128746
0.0000119209
0.0000119209
0.0000119209
0.0000131130
0.0000119209
0.0000119209
0.0000231266
0.0000121593
0.0000119209
0.0000119209
0.0000119209
0.0000131130
0.0000119209
0.0000119209
0.0000119209
0.0000121593
0.0000121593
0.0000121593
0.0000119209
0.0000119209
0.0000128746
0.0000128746
0.0000119209
0.0000131130
0.0000169277
0.0000128746
0.0000119209
0.0000119209
0.0000131130
0.0000128746
0.0000128746
0.0000119209
0.0000119209
0.0000119209
0.0000119209
0.0000150204
0.0000131130
0.0000121593
0.0000119209
0.0000128746
0.0000121593
0.0000131130
0.0001308918
0.0000128746
0.0000119209
0.0000121593
0.0000131130
0.0000131130
0.0000119209
0.0000119209
0.0000131130
0.0000119209
0.0000121593
0.0000119209
0.0000159740
0.0000128746
0.0000131130
0.0000131130
0.0000128746
0.0000128746
0.0000131130
0.0000119209
0.0000119209
0.0000131130
0.0000128746
0.0000131130
0.0000128746
0.0000131130
0.0000128746
0.0000131130
0.0000119209
0.0000121593
0.0000290871
0.0000119209
0.0000119209
0.0000128746
0.0000119209
0.0000128746
0.0000131130
0.0000119209
0.0000128746
0.0000119209
0.0000140667
0.0000121593
0.0000121593
0.0000131130
0.0000128746
0.0000121593
0.0000181198
0.0000131130
0.0000121593
0.0000119209
0.0000121593
0.0000119209
0.0000121593
0.0000128746
0.0000128746
0.0000121593
0.0000121593
0.0000119209
0.0000131130
0.0000119209
0.0000119209
0.0000119209
0.0000119209
0.0000121593
0.0000119209
0.0000128746
0.0000131130
0.0000121593
0.0000119209
0.0000121593
0.0000131130
0.0000119209
0.0000119209
0.0000131130
0.0000119209
0.0000119209
0.0000131130
0.0000159740
0.0000131130
0.0000119209
0.0000119209
0.0000131130
0.0000131130
0.0000121593
0.0001530647
0.0000131130
0.0000131130
0.0000119209
0.0000119209
0.0000119209
0.0000128746
0.0000128746
0.0000121593
0.0000131130
0.0000131130
0.0000119209
0.0000119209
0.0000119209
0.0000128746
0.0000128746
0.0000128746
0.0000131130
0.0000119209
0.0000131130
0.0000131130
0.0000119209
0.0000131130
0.0000121593
0.0000119209
0.0000131130
0.0000128746
0.0000231266
0.0000119209
0.0000121593
0.0000131130
0.0000128746
0.0000128746
0.0000150204
0.0000128746
0.0000119209
0.0000119209
0.0000128746
0.0000121593
0.0000121593
0.0000119209
0.0000121593
0.0000128746
0.0000119209
0.0000128746
0.0000121593
0.0000121593
0.0000121593
0.0000119209
0.0000119209
0.0000131130
0.0000119209
0.0000131130
0.0000131130
0.0000131130
0.0000119209
0.0000219345
0.0000121593
0.0000140667
0.0000109673
0.0000121593
0.0000121593
0.0000119209
0.0000119209
0.0000121593
0.0000119209
0.0000119209
0.0000119209
0.0000119209
0.0000131130
0.0000119209
0.0000119209
0.0000128746
0.0000119209
0.0000119209
0.0000128746
0.0000131130
0.0000119209
0.0000121593
0.0005290508
0.0000119209
0.0000128746
0.0000131130
0.0000119209
0.0000128746
0.0000128746
0.0000119209
0.0000119209
0.0000119209
0.0000121593
0.0000121593
0.0000131130
0.0000128746
0.0000119209
0.0000131130
0.0000128746
0.0000119209
0.0000121593
0.0000128746
0.0000128746
0.0000119209
0.0000131130
0.0000131130
0.0000119209
0.0000121593
0.0000119209
0.0000128746
0.0000121593
0.0000119209
0.0000131130
0.0000119209
0.0000121593
0.0000128746
0.0000119209
0.0000121593
0.0000131130
0.0000119209
0.0000119209
0.0000119209
0.0000128746
0.0000300407
0.0000119209
0.0000259876
0.0000128746
0.0000121593
0.0000119209
0.0000121593
0.0000128746
0.0001699924
0.0000119209
0.0000128746
0.0000119209
0.0000131130
0.0000131130
0.0000128746
0.0000121593
0.0000119209
0.0000121593
0.0000119209
0.0000131130
0.0000121593
0.0000119209
0.0000121593
0.0000128746
0.0000131130
0.0000119209
0.0000131130
0.0000119209
0.0000121593
0.0003159046
0.0000131130
0.0000119209
0.0000119209
0.0000109673
0.0000119209
0.0000119209
0.0000119209
0.0000119209
0.0000119209
0.0000131130
0.0000131130
0.0000128746
0.0000228882
0.0000119209
0.0000119209
0.0000119209
0.0000131130
0.0000131130
0.0000140667
0.0000131130
0.0000128746
0.0000119209
0.0000119209
0.0000131130
0.0000131130
0.0000119209
0.0001449585
0.0000119209
0.0000121593
0.0000121593
0.0000119209
0.0000119209
0.0000119209
0.0000121593
0.0000119209
0.0000131130
0.0000121593
0.0000121593
0.0000119209
0.0000131130
0.0000119209
0.0000119209
0.0000121593
0.0000121593
0.0000119209
0.0000131130
0.0000119209
0.0000128746
0.0000128746
0.0000128746
0.0000119209
0.0000119209
0.0000119209
0.0000119209
0.0000121593
0.0000128746
0.0000119209
0.0000119209
0.0000119209
0.0000119209
0.0000131130
0.0000121593
0.0000131130
0.0000119209
0.0000119209
0.0000121593
0.0000128746
0.0000121593
0.0000121593
0.0000119209
0.0000119209
0.0000131130
0.0000119209
